1,0001
2,0001
3,0002
4,0002
5,0002
6,0002
7,0003
8,0003
9,0003
10,0003
11,0005
12,0005
13,0005
14,0006
15,0006
16,0006
17,0007
18,0007
19,0007
20,0007
21,0009
22,0009
23,0009
24,0010
25,0010
26,0010
27,0010
28,0011
29,0011
30,0011
31,0013
32,0013
33,0013
34,0013
35,0014
36,0014
37,0014
38,0014
39,0014
40,0015
41,0016
42,0016
43,0016
44,0017
45,0017
46,0017
47,0017
48,0018
49,0018
50,0018
51,0019
52,0019
53,0019
54,0019
55,0020
56,0020
57,0020
58,0020
59,0021
60,0021
61,0022
62,0022
63,0022
64,0022
65,0023
66,0023
67,0023
68,0023
69,0024
70,0024
71,0025
72,0025
73,0025
74,0025
75,0026
76,0026
77,0026
78,0026
79,0027
80,0027
81,0028
82,0028
83,0028
84,0029
85,0029
86,0029
87,0029
88,0030
89,0030
90,0030
91,0031
92,0031
93,0031
94,0032
95,0032
96,0032
97,0032
98,0033
99,0033
100,0033
101,0034
102,0034
103,0034
104,0034
105,0035
106,0035
107,0035
108,0035
109,0036
110,0036
111,0037
112,0037
113,0037
114,0038
115,0038
116,0038
117,0038
118,0039
119,0039
120,0039
121,0040
122,0040
123,0040
124,0041
125,0041
126,0041
127,0041
128,0042
129,0042
130,0042
131,0043
132,0043
133,0043
134,0044
135,0044
136,0044
137,0044
138,0045
139,0045
140,0045
141,0047
142,0047
143,0047
144,0047
145,0048
146,0048
147,0048
148,0048
149,0049
150,0049
151,0051
152,0051
153,0051
154,0051
155,0052
156,0052
157,0052
158,0052
159,0052
160,0052
161,0053
162,0053
163,0053
164,0053
165,0053
166,0053
167,0054
168,0054
169,0055
170,0055
171,0056
172,0056
173,0056
174,0056
175,0057
176,0057
177,0057
178,0057
179,0057
180,0058
181,0058
182,0058
183,0058
184,0058
185,0059
186,0059
187,0059
188,0059
189,0059
190,0059
191,0061
192,0061
193,0061
194,0061
195,0062
196,0062
197,0062
198,0062
199,0062
200,0063
201,0063
202,0063
203,0063
204,0063
205,0063
206,0064
207,0064
208,0064
209,0064
210,0064
211,0066
212,0066
213,0066
214,0066
215,0066
216,0067
217,0067
218,0067
219,0067
220,0067
221,0068
222,0068
223,0068
224,0068
225,0068
226,0069
227,0069
228,0069
229,0069
230,0069
231,0071
232,0071
233,0071
234,0071
235,0071
236,0072
237,0072
238,0072
239,0072
240,0072
241,0073
242,0073
243,0073
244,0073
245,0073
246,0074
247,0074
248,0074
249,0074
250,0074
251,0076
252,0076
253,0076
254,0076
255,0076
256,0077
257,0077
258,0077
259,0078
260,0078
261,0078
262,0078
263,0078
264,0078
265,0079
266,0079
267,0079
268,0079
269,0079
270,0079
271,0081
272,0081
273,0081
274,0081
275,0081
276,0082
277,0082
278,0082
279,0082
280,0082
281,0082
282,0083
283,0083
284,0083
285,0083
286,0083
287,0083
288,0084
289,0084
290,0084
291,0085
292,0085
293,0085
294,0085
295,0085
296,0085
297,0086
298,0086
299,0086
300,0086
301,0086
302,0086
303,0087
304,0087
305,0087
306,0087
307,0087
308,0088
309,0088
310,0088
311,0089
312,0089
313,0089
314,0089
315,0089
316,0090
317,0090
318,0090
319,0090
320,0090
321,0090
322,0091
323,0091
324,0091
325,0091
326,0091
327,0091
328,0092
329,0092
330,0092
331,0092
332,0093
333,0093
334,0093
335,0093
336,0093
337,0094
338,0094
339,0094
340,0094
341,0094
342,0094
343,0095
344,0095
345,0095
346,0095
347,0095
348,0095
349,0096
350,0096
351,0096
352,0098
353,0098
354,0098
355,0098
356,0098
357,0098
358,0099
359,0099
360,0099
361,0099
362,0099
363,0099
364,0100
365,0100
366,0100
367,0100
368,0100
369,0100
370,0101
371,0101
372,0101
373,0101
374,0101
375,0101
376,0101
377,0102
378,0102
379,0102
380,0102
381,0102
382,0104
383,0104
384,0104
385,0104
386,0104
387,0105
388,0105
389,0105
390,0105
391,0105
392,0105
393,0105
394,0106
395,0106
396,0106
397,0106
398,0106
399,0106
400,0107
401,0107
402,0107
403,0107
404,0107
405,0107
406,0108
407,0108
408,0108
409,0108
410,0108
411,0108
412,0110
413,0110
414,0110
415,0110
416,0110
417,0111
418,0111
419,0111
420,0111
421,0111
422,0112
423,0112
424,0112
425,0112
426,0112
427,0112
428,0112
429,0112
430,0113
431,0113
432,0113
433,0113
434,0113
435,0113
436,0114
437,0114
438,0114
439,0114
440,0114
441,0114
442,0116
443,0116
444,0116
445,0116
446,0116
447,0116
448,0117
449,0117
450,0117
451,0117
452,0117
453,0117
454,0118
455,0118
456,0118
457,0118
458,0118
459,0118
460,0119
461,0119
462,0119
463,0119
464,0119
465,0119
466,0120
467,0120
468,0120
469,0120
470,0120
471,0120
472,0122
473,0122
474,0122
475,0122
476,0122
477,0122
478,0123
479,0123
480,0123
481,0123
482,0123
483,0123
484,0124
485,0124
486,0124
487,0124
488,0124
489,0124
490,0124
491,0125
492,0125
493,0125
494,0125
495,0125
496,0125
497,0126
498,0126
499,0126
500,0126
501,0126
502,0128
503,0128
504,0128
505,0128
506,0129
507,0129
508,0129
509,0129
510,0129
511,0129
512,0129
513,0130
514,0130
515,0130
516,0130
517,0130
518,0130
519,0130
520,0130
521,0131
522,0131
523,0131
524,0131
525,0131
526,0131
527,0132
528,0132
529,0132
530,0132
531,0132
532,0132
533,0132
534,0133
535,0133
536,0133
537,0133
538,0133
539,0133
540,0133
541,0134
542,0135
543,0135
544,0135
545,0135
546,0135
547,0135
548,0136
549,0136
550,0136
551,0136
552,0136
553,0136
554,0136
555,0136
556,0137
557,0137
558,0137
559,0137
560,0137
561,0137
562,0137
563,0138
564,0138
565,0138
566,0138
567,0138
568,0138
569,0138
570,0139
571,0139
572,0139
573,0139
574,0139
575,0139
576,0139
577,0139
578,0140
579,0140
580,0140
581,0140
582,0141
583,0141
584,0141
585,0141
586,0141
587,0141
588,0141
589,0142
590,0142
591,0142
592,0142
593,0142
594,0142
595,0143
596,0143
597,0143
598,0143
599,0143
600,0143
601,0143
602,0143
603,0144
604,0144
605,0144
606,0144
607,0144
608,0144
609,0144
610,0144
611,0145
612,0145
613,0145
614,0145
615,0145
616,0145
617,0145
618,0146
619,0146
620,0146
621,0146
622,0147
623,0147
624,0147
625,0147
626,0147
627,0147
628,0147
629,0148
630,0148
631,0148
632,0148
633,0148
634,0149
635,0149
636,0149
637,0149
638,0149
639,0149
640,0149
641,0150
642,0150
643,0150
644,0150
645,0150
646,0150
647,0150
648,0151
649,0151
650,0151
651,0151
652,0151
653,0151
654,0151
655,0151
656,0152
657,0152
658,0152
659,0152
660,0152
661,0152
662,0154
663,0154
664,0154
665,0154
666,0154
667,0154
668,0155
669,0155
670,0155
671,0155
672,0155
673,0155
674,0155
675,0156
676,0156
677,0156
678,0156
679,0156
680,0156
681,0156
682,0157
683,0157
684,0157
685,0157
686,0157
687,0157
688,0157
689,0158
690,0158
691,0158
692,0158
693,0158
694,0158
695,0158
696,0159
697,0159
698,0159
699,0159
700,0159
701,0159
702,0161
703,0161
704,0161
705,0161
706,0161
707,0162
708,0162
709,0162
710,0162
711,0162
712,0163
713,0163
714,0163
715,0163
716,0163
717,0163
718,0164
719,0164
720,0164
721,0164
722,0165
723,0165
724,0165
725,0165
726,0165
727,0165
728,0166
729,0166
730,0166
731,0166
732,0166
733,0166
734,0166
735,0167
736,0167
737,0167
738,0167
739,0167
740,0167
741,0167
742,0168
743,0168
744,0168
745,0168
746,0168
747,0168
748,0168
749,0168
750,0169
751,0169
752,0169
753,0170
754,0170
755,0170
756,0170
757,0170
758,0170
759,0171
760,0171
761,0171
762,0171
763,0171
764,0171
765,0171
766,0171
767,0172
768,0172
769,0172
770,0172
771,0172
772,0172
773,0172
774,0172
775,0173
776,0173
777,0173
778,0173
779,0173
780,0173
781,0173
782,0173
783,0174
784,0174
785,0174
786,0174
787,0174
788,0174
789,0175
790,0175
791,0175
792,0175
793,0175
794,0175
795,0175
796,0176
797,0176
798,0176
799,0176
800,0176
801,0176
802,0177
803,0178
804,0178
805,0178
806,0178
807,0178
808,0178
809,0178
810,0179
811,0179
812,0179
813,0179
814,0179
815,0179
816,0180
817,0180
818,0180
819,0180
820,0180
821,0180
822,0180
823,0181
824,0181
825,0181
826,0181
827,0181
828,0181
829,0181
830,0181
831,0183
832,0183
833,0183
834,0183
835,0183
836,0183
837,0184
838,0184
839,0184
840,0184
841,0184
842,0184
843,0184
844,0185
845,0185
846,0185
847,0185
848,0185
849,0186
850,0186
851,0186
852,0186
853,0186
854,0186
855,0186
856,0186
857,0186
858,0187
859,0187
860,0187
861,0187
862,0187
863,0187
864,0187
865,0187
866,0187
867,0188
868,0188
869,0188
870,0188
871,0188
872,0188
873,0188
874,0188
875,0188
876,0189
877,0189
878,0189
879,0189
880,0189
881,0189
882,0189
883,0189
884,0190
885,0190
886,0190
887,0190
888,0190
889,0190
890,0190
891,0190
892,0191
893,0191
894,0191
895,0191
896,0191
897,0191
898,0191
899,0191
900,0192
901,0192
902,0192
903,0192
904,0192
905,0193
906,0193
907,0193
908,0193
909,0193
910,0193
911,0194
912,0194
913,0194
914,0194
915,0194
916,0194
917,0194
918,0194
919,0195
920,0195
921,0195
922,0195
923,0195
924,0195
925,0195
926,0195
927,0196
928,0196
929,0196
930,0196
931,0196
932,0196
933,0196
934,0196
935,0196
936,0197
937,0197
938,0197
939,0197
940,0197
941,0197
942,0197
943,0198
944,0198
945,0198
946,0198
947,0198
948,0198
949,0198
950,0198
951,0199
952,0199
953,0199
954,0199
955,0199
956,0199
957,0199
958,0199
959,0200
960,0200
961,0200
962,0200
963,0200
964,0200
965,0200
966,0200
967,0200
968,0201
969,0202
970,0202
971,0202
972,0202
973,0202
974,0202
975,0203
976,0203
977,0203
978,0203
979,0203
980,0203
981,0203
982,0203
983,0204
984,0204
985,0204
986,0204
987,0204
988,0204
989,0204
990,0204
991,0205
992,0205
993,0205
994,0205
995,0205
996,0205
997,0205
998,0205
999,0205
1000,0205
1001,0206
1002,0206
1003,0206
1004,0206
1005,0206
1006,0206
1007,0206
1008,0206
1009,0207
1010,0207
1011,0207
1012,0207
1013,0207
1014,0208
1015,0208
1016,0208
1017,0208
1018,0208
1019,0208
1020,0208
1021,0209
1022,0209
1023,0209
1024,0209
1025,0209
1026,0209
1027,0209
1028,0210
1029,0210
1030,0210
1031,0210
1032,0210
1033,0210
1034,0210
1035,0210
1036,0211
1037,0211
1038,0211
1039,0211
1040,0211
1041,0211
1042,0211
1043,0213
1044,0213
1045,0213
1046,0213
1047,0213
1048,0213
1049,0213
1050,0214
1051,0214
1052,0214
1053,0214
1054,0214
1055,0214
1056,0214
1057,0214
1058,0215
1059,0215
1060,0215
1061,0215
1062,0215
1063,0215
1064,0215
1065,0216
1066,0216
1067,0216
1068,0216
1069,0216
1070,0216
1071,0216
1072,0216
1073,0217
1074,0217
1075,0217
1076,0217
1077,0217
1078,0217
1079,0217
1080,0218
1081,0218
1082,0218
1083,0218
1084,0218
1085,0218
1086,0218
1087,0219
1088,0219
1089,0219
1090,0219
1091,0219
1092,0219
1093,0219
1094,0219
1095,0219
1096,0219
1097,0220
1098,0220
1099,0220
1100,0220
1101,0220
1102,0220
1103,0220
1104,0220
1105,0220
1106,0221
1107,0221
1108,0221
1109,0221
1110,0221
1111,0222
1112,0222
1113,0222
1114,0222
1115,0222
1116,0222
1117,0222
1118,0223
1119,0223
1120,0223
1121,0224
1122,0224
1123,0224
1124,0224
1125,0224
1126,0225
1127,0225
1128,0225
1129,0225
1130,0225
1131,0225
1132,0225
1133,0225
1134,0226
1135,0226
1136,0226
1137,0226
1138,0226
1139,0226
1140,0226
1141,0226
1142,0226
1143,0227
1144,0227
1145,0227
1146,0227
1147,0227
1148,0227
1149,0227
1150,0228
1151,0228
1152,0228
1153,0228
1154,0228
1155,0228
1156,0229
1157,0229
1158,0229
1159,0229
1160,0229
1161,0229
1162,0229
1163,0229
1164,0230
1165,0230
1166,0230
1167,0230
1168,0231
1169,0231
1170,0231
1171,0231
1172,0231
1173,0231
1174,0232
1175,0232
1176,0232
1177,0232
1178,0232
1179,0232
1180,0232
1181,0233
1182,0233
1183,0233
1184,0233
1185,0233
1186,0233
1187,0233
1188,0234
1189,0234
1190,0234
1191,0234
1192,0234
1193,0234
1194,0234
1195,0234
1196,0234
1197,0234
1198,0234
1199,0235
1200,0235
1201,0235
1202,0235
1203,0235
1204,0235
1205,0235
1206,0235
1207,0237
1208,0237
1209,0237
1210,0237
1211,0237
1212,0237
1213,0237
1214,0237
1215,0238
1216,0238
1217,0238
1218,0238
1219,0238
1220,0238
1221,0238
1222,0238
1223,0239
1224,0239
1225,0239
1226,0239
1227,0239
1228,0239
1229,0239
1230,0240
1231,0240
1232,0240
1233,0240
1234,0240
1235,0240
1236,0240
1237,0240
1238,0240
1239,0241
1240,0241
1241,0241
1242,0241
1243,0241
1244,0241
1245,0241
1246,0241
1247,0241
1248,0242
1249,0242
1250,0242
1251,0242
1252,0242
1253,0242
1254,0242
1255,0242
1256,0243
1257,0243
1258,0243
1259,0243
1260,0243
1261,0243
1262,0243
1263,0243
1264,0243
1265,0244
1266,0244
1267,0244
1268,0244
1269,0244
1270,0244
1271,0244
1272,0244
1273,0244
1274,0245
1275,0245
1276,0245
1277,0245
1278,0245
1279,0245
1280,0245
1281,0246
1282,0246
1283,0246
1284,0246
1285,0246
1286,0246
1287,0246
1288,0246
1289,0247
1290,0247
1291,0247
1292,0247
1293,0247
1294,0247
1295,0247
1296,0248
1297,0248
1298,0248
1299,0248
1300,0248
1301,0248
1302,0249
1303,0249
1304,0249
1305,0249
1306,0249
1307,0249
1308,0249
1309,0249
1310,0249
1311,0250
1312,0250
1313,0250
1314,0250
1315,0250
1316,0250
1317,0250
1318,0250
1319,0252
1320,0252
1321,0252
1322,0252
1323,0252
1324,0252
1325,0252
1326,0252
1327,0253
1328,0253
1329,0253
1330,0253
1331,0253
1332,0253
1333,0253
1334,0253
1335,0254
1336,0254
1337,0254
1338,0254
1339,0254
1340,0254
1341,0254
1342,0254
1343,0255
1344,0255
1345,0255
1346,0255
1347,0255
1348,0255
1349,0255
1350,0255
1351,0256
1352,0256
1353,0256
1354,0256
1355,0256
1356,0256
1357,0256
1358,0257
1359,0257
1360,0257
1361,0257
1362,0257
1363,0257
1364,0257
1365,0258
1366,0258
1367,0258
1368,0258
1369,0258
1370,0258
1371,0258
1372,0258
1373,0259
1374,0259
1375,0259
1376,0259
1377,0259
1378,0259
1379,0259
1380,0259
1381,0260
1382,0260
1383,0260
1384,0260
1385,0260
1386,0260
1387,0260
1388,0261
1389,0261
1390,0261
1391,0261
1392,0261
1393,0261
1394,0261
1395,0261
1396,0262
1397,0262
1398,0262
1399,0262
1400,0262
1401,0262
1402,0262
1403,0262
1404,0263
1405,0263
1406,0263
1407,0263
1408,0263
1409,0263
1410,0263
1411,0263
1412,0264
1413,0264
1414,0264
1415,0264
1416,0264
1417,0264
1418,0264
1419,0264
1420,0264
1421,0265
1422,0265
1423,0265
1424,0265
1425,0265
1426,0265
1427,0265
1428,0265
1429,0265
1430,0266
1431,0266
1432,0266
1433,0266
1434,0266
1435,0266
1436,0266
1437,0266
1438,0266
1439,0267
1440,0267
1441,0267
1442,0267
1443,0267
1444,0267
1445,0267
1446,0267
1447,0268
1448,0268
1449,0268
1450,0268
1451,0268
1452,0268
1453,0269
1454,0269
1455,0269
1456,0269
1457,0269
1458,0269
1459,0269
1460,0269
1461,0269
1462,0269
1463,0270
1464,0270
1465,0270
1466,0270
1467,0270
1468,0270
1469,0270
1470,0270
1471,0271
1472,0271
1473,0271
1474,0271
1475,0271
1476,0271
1477,0271
1478,0272
1479,0272
1480,0272
1481,0272
1482,0272
1483,0273
1484,0273
1485,0273
1486,0273
1487,0273
1488,0273
1489,0274
1490,0274
1491,0274
1492,0274
1493,0276
1494,0276
1495,0276
1496,0276
1497,0276
1498,0276
1499,0276
1500,0277
1501,0277
1502,0277
1503,0277
1504,0277
1505,0277
1506,0277
1507,0278
1508,0278
1509,0278
1510,0278
1511,0278
1512,0278
1513,0279
1514,0279
1515,0279
1516,0279
1517,0279
1518,0279
1519,0280
1520,0280
1521,0280
1522,0280
1523,0280
1524,0280
1525,0280
1526,0281
1527,0281
1528,0281
1529,0281
1530,0281
1531,0281
1532,0281
1533,0282
1534,0282
1535,0282
1536,0282
1537,0282
1538,0282
1539,0282
1540,0283
1541,0283
1542,0283
1543,0283
1544,0284
1545,0284
1546,0284
1547,0284
1548,0284
1549,0284
1550,0284
1551,0284
1552,0284
1553,0285
1554,0285
1555,0285
1556,0285
1557,0285
1558,0285
1559,0285
1560,0285
1561,0285
1562,0286
1563,0286
1564,0286
1565,0286
1566,0286
1567,0286
1568,0286
1569,0286
1570,0286
1571,0286
1572,0287
1573,0287
1574,0287
1575,0287
1576,0287
1577,0287
1578,0287
1579,0287
1580,0288
1581,0288
1582,0288
1583,0288
1584,0288
1585,0288
1586,0288
1587,0288
1588,0288
1589,0289
1590,0289
1591,0289
1592,0289
1593,0289
1594,0289
1595,0289
1596,0289
1597,0289
1598,0289
1599,0289
1600,0290
1601,0291
1602,0291
1603,0291
1604,0291
1605,0291
1606,0291
1607,0291
1608,0292
1609,0292
1610,0292
1611,0292
1612,0292
1613,0292
1614,0292
1615,0292
1616,0293
1617,0293
1618,0293
1619,0293
1620,0293
1621,0293
1622,0293
1623,0293
1624,0293
1625,0293
1626,0294
1627,0294
1628,0294
1629,0294
1630,0294
1631,0294
1632,0294
1633,0294
1634,0294
1635,0295
1636,0295
1637,0295
1638,0295
1639,0295
1640,0295
1641,0295
1642,0295
1643,0296
1644,0296
1645,0296
1646,0296
1647,0296
1648,0296
1649,0296
1650,0296
1651,0296
1652,0297
1653,0297
1654,0297
1655,0297
1656,0297
1657,0297
1658,0297
1659,0297
1660,0297
1661,0297
1662,0298
1663,0298
1664,0298
1665,0298
1666,0298
1667,0298
1668,0298
1669,0298
1670,0298
1671,0298
1672,0299
1673,0299
1674,0299
1675,0299
1676,0299
1677,0299
1678,0300
1679,0300
1680,0300
1681,0300
1682,0300
1683,0300
1684,0300
1685,0300
1686,0301
1687,0301
1688,0301
1689,0301
1690,0301
1691,0301
1692,0301
1693,0302
1694,0302
1695,0302
1696,0302
1697,0302
1698,0302
1699,0302
1700,0302
1701,0303
1702,0303
1703,0303
1704,0303
1705,0303
1706,0303
1707,0303
1708,0303
1709,0303
1710,0304
1711,0304
1712,0304
1713,0304
1714,0304
1715,0304
1716,0304
1717,0304
1718,0304
1719,0305
1720,0305
1721,0305
1722,0305
1723,0305
1724,0305
1725,0306
1726,0306
1727,0306
1728,0306
1729,0306
1730,0306
1731,0307
1732,0307
1733,0307
1734,0307
1735,0307
1736,0307
1737,0307
1738,0307
1739,0308
1740,0308
1741,0308
1742,0308
1743,0308
1744,0308
1745,0308
1746,0308
1747,0308
1748,0308
1749,0308
1750,0308
1751,0309
1752,0309
1753,0309
1754,0309
1755,0309
1756,0309
1757,0309
1758,0309
1759,0310
1760,0310
1761,0310
1762,0310
1763,0310
1764,0310
1765,0310
1766,0310
1767,0311
1768,0311
1769,0311
1770,0311
1771,0311
1772,0311
1773,0311
1774,0311
1775,0311
1776,0311
1777,0312
1778,0312
1779,0312
1780,0312
1781,0312
1782,0312
1783,0312
1784,0312
1785,0312
1786,0313
1787,0313
1788,0313
1789,0313
1790,0313
1791,0313
1792,0313
1793,0313
1794,0314
1795,0314
1796,0314
1797,0314
1798,0314
1799,0314
1800,0314
1801,0314
1802,0314
1803,0315
1804,0315
1805,0315
1806,0315
1807,0315
1808,0315
1809,0315
1810,0316
1811,0316
1812,0316
1813,0316
1814,0316
1815,0316
1816,0316
1817,0316
1818,0316
1819,0316
1820,0317
1821,0317
1822,0317
1823,0317
1824,0317
1825,0317
1826,0317
1827,0318
1828,0318
1829,0318
1830,0318
1831,0318
1832,0318
1833,0318
1834,0318
1835,0318
1836,0319
1837,0319
1838,0319
1839,0319
1840,0319
1841,0319
1842,0320
1843,0320
1844,0320
1845,0320
1846,0320
1847,0320
1848,0320
1849,0320
1850,0321
1851,0321
1852,0321
1853,0321
1854,0321
1855,0321
1856,0321
1857,0321
1858,0321
1859,0322
1860,0322
1861,0322
1862,0322
1863,0322
1864,0322
1865,0322
1866,0322
1867,0322
1868,0323
1869,0323
1870,0323
1871,0323
1872,0324
1873,0324
1874,0324
1875,0324
1876,0324
1877,0324
1878,0325
1879,0325
1880,0325
1881,0325
1882,0325
1883,0325
1884,0326
1885,0326
1886,0326
1887,0326
1888,0326
1889,0327
1890,0327
1891,0328
1892,0328
1893,0328
1894,0328
1895,0328
1896,0328
1897,0328
1898,0328
1899,0329
1900,0329
1901,0329
1902,0329
1903,0329
1904,0329
1905,0329
1906,0330
1907,0330
1908,0330
1909,0330
1910,0330
1911,0330
1912,0330
1913,0331
1914,0331
1915,0331
1916,0331
1917,0331
1918,0331
1919,0331
1920,0331
1921,0332
1922,0332
1923,0332
1924,0332
1925,0332
1926,0332
1927,0333
1928,0333
1929,0333
1930,0333
1931,0333
1932,0333
1933,0333
1934,0333
1935,0334
1936,0334
1937,0334
1938,0334
1939,0334
1940,0334
1941,0334
1942,0335
1943,0335
1944,0335
1945,0335
1946,0336
1947,0336
1948,0336
1949,0336
1950,0336
1951,0337
1952,0337
1953,0337
1954,0337
1955,0337
1956,0338
1957,0338
1958,0338
1959,0338
1960,0338
1961,0339
1962,0339
1963,0339
1964,0339
1965,0339
1966,0339
1967,0339
1968,0340
1969,0340
1970,0340
1971,0340
1972,0340
1973,0340
1974,0341
1975,0341
1976,0341
1977,0341
1978,0341
1979,0341
1980,0341
1981,0342
1982,0342
1983,0342
1984,0342
1985,0342
1986,0342
1987,0343
1988,0343
1989,0343
1990,0343
1991,0344
1992,0344
1993,0345
1994,0345
1995,0345
1996,0346
1997,0346
1998,0346
1999,0346
2000,0347
2001,0347
2002,0347
2003,0348
2004,0348
2005,0348
2006,0348
2007,0349
2008,0349
2009,0349
2010,0349
2011,0350
2012,0350
2013,0350
2014,0350
2015,0350
2016,0351
2017,0351
2018,0351
2019,0351
2020,0351
2021,0351
2022,0352
2023,0352
2024,0352
2025,0352
2026,0352
2027,0353
2028,0353
2029,0353
2030,0353
2031,0353
2032,0353
2033,0355
2034,0355
2035,0355
2036,0355
2037,0355
2038,0355
2039,0356
2040,0356
2041,0356
2042,0356
2043,0356
2044,0356
2045,0356
2046,0356
2047,0356
2048,0357
2049,0357
2050,0357
2051,0357
2052,0357
2053,0357
2054,0358
2055,0358
2056,0358
2057,0358
2058,0358
2059,0358
2060,0358
2061,0359
2062,0359
2063,0360
2064,0360
2065,0360
2066,0361
2067,0361
2068,0361
2069,0362
2070,0362
2071,0362
2072,0363
2073,0363
2074,0363
2075,0363
2076,0363
2077,0363
2078,0363
2079,0364
2080,0364
2081,0364
2082,0364
2083,0364
2084,0365
2085,0365
2086,0365
2087,0365
2088,0365
2089,0365
2090,0366
2091,0366
2092,0366
2093,0366
2094,0366
2095,0367
2096,0367
2097,0367
2098,0367
2099,0367
2100,0367
2101,0368
2102,0368
2103,0368
2104,0368
2105,0368
2106,0369
2107,0369
2108,0369
2109,0369
2110,0369
2111,0369
2112,0369
2113,0369
2114,0369
2115,0370
2116,0370
2117,0370
2118,0370
2119,0370
2120,0370
2121,0370
2122,0370
2123,0370
2124,0371
2125,0371
2126,0371
2127,0371
2128,0371
2129,0371
2130,0372
2131,0372
2132,0372
2133,0372
2134,0372
2135,0372
2136,0372
2137,0372
2138,0372
2139,0372
2140,0373
2141,0373
2142,0373
2143,0374
2144,0374
2145,0374
2146,0374
2147,0374
2148,0374
2149,0375
2150,0375
2151,0375
2152,0375
2153,0376
2154,0376
2155,0376
2156,0377
2157,0377
2158,0377
2159,0378
2160,0378
2161,0378
2162,0379
2163,0379
2164,0379
2165,0379
2166,0380
2167,0380
2168,0380
2169,0380
2170,0381
2171,0381
2172,0381
2173,0381
2174,0381
2175,0381
2176,0382
2177,0382
2178,0383
2179,0383
2180,0383
2181,0383
2182,0383
2183,0383
2184,0384
2185,0384
2186,0384
2187,0384
2188,0384
2189,0384
2190,0385
2191,0385
2192,0385
2193,0385
2194,0385
2195,0385
2196,0386
2197,0386
2198,0386
2199,0386
2200,0386
2201,0387
2202,0387
2203,0388
2204,0388
2205,0388
2206,0388
2207,0388
2208,0389
2209,0389
2210,0389
2211,0389
2212,0389
2213,0390
2214,0390
2215,0390
2216,0390
2217,0390
2218,0390
2219,0390
2220,0390
2221,0390
2222,0391
2223,0391
2224,0391
2225,0391
2226,0391
2227,0391
2228,0391
2229,0392
2230,0392
2231,0392
2232,0392
2233,0392
2234,0392
2235,0392
2236,0392
2237,0393
2238,0393
2239,0393
2240,0393
2241,0393
2242,0393
2243,0393
2244,0393
2245,0394
2246,0394
2247,0395
2248,0395
2249,0395
2250,0395
2251,0395
2252,0395
2253,0396
2254,0396
2255,0396
2256,0396
2257,0396
2258,0396
2259,0397
2260,0397
2261,0397
2262,0397
2263,0397
2264,0398
2265,0398
2266,0398
2267,0398
2268,0398
2269,0398
2270,0398
2271,0399
2272,0399
2273,0399
2274,0399
2275,0399
2276,0399
2277,0399
2278,0399
2279,0400
2280,0400
2281,0400
2282,0400
2283,0400
2284,0400
2285,0402
2286,0402
2287,0402
2288,0403
2289,0403
2290,0404
2291,0404
2292,0404
2293,0405
2294,0407
2295,0407
2296,0407
2297,0407
2298,0408
2299,0408
2300,0408
2301,0408
2302,0408
2303,0408
2304,0408
2305,0409
2306,0409
2307,0409
2308,0409
2309,0409
2310,0409
2311,0409
2312,0410
2313,0410
2314,0410
2315,0410
2316,0410
2317,0410
2318,0410
2319,0410
2320,0411
2321,0411
2322,0411
2323,0411
2324,0411
2325,0411
2326,0411
2327,0411
2328,0412
2329,0412
2330,0412
2331,0412
2332,0412
2333,0412
2334,0412
2335,0412
2336,0413
2337,0413
2338,0413
2339,0413
2340,0413
2341,0414
2342,0414
2343,0414
2344,0414
2345,0414
2346,0414
2347,0415
2348,0415
2349,0415
2350,0415
2351,0415
2352,0416
2353,0416
2354,0416
2355,0416
2356,0416
2357,0416
2358,0416
2359,0417
2360,0417
2361,0417
2362,0417
2363,0417
2364,0417
2365,0417
2366,0418
2367,0419
2368,0419
2369,0419
2370,0419
2371,0420
2372,0423
2373,0423
2374,0423
2375,0423
2376,0423
2377,0423
2378,0424
2379,0424
2380,0424
2381,0424
2382,0425
2383,0425
2384,0425
2385,0425
2386,0425
2387,0426
2388,0427
2389,0427
2390,0427
2391,0427
2392,0428
2393,0428
2394,0428
2395,0428
2396,0428
2397,0429
2398,0429
2399,0429
2400,0429
2401,0429
2402,0429
2403,0429
2404,0430
2405,0430
2406,0430
2407,0430
2408,0430
2409,0431
2410,0431
2411,0432
2412,0432
2413,0432
2414,0432
2415,0432
2416,0432
2417,0433
2418,0433
2419,0433
2420,0434
2421,0434
2422,0434
2423,0435
2424,0435
2425,0435
2426,0435
2427,0435
2428,0435
2429,0435
2430,0435
2431,0436
2432,0436
2433,0436
2434,0436
2435,0436
2436,0436
2437,0436
2438,0438
2439,0438
2440,0438
2441,0439
2442,0439
2443,0440
2444,0440
2445,0441
2446,0442
2447,0442
2448,0442
2449,0442
2450,0443
2451,0443
2452,0443
2453,0443
2454,0443
2455,0443
2456,0443
2457,0443
2458,0444
2459,0444
2460,0444
2461,0444
2462,0444
2463,0444
2464,0445
2465,0445
2466,0445
2467,0446
2468,0446
2469,0446
2470,0446
2471,0446
2472,0446
2473,0446
2474,0447
2475,0447
2476,0447
2477,0447
2478,0447
2479,0448
2480,0448
2481,0448
2482,0448
2483,0448
2484,0448
2485,0449
2486,0449
2487,0450
2488,0450
2489,0450
2490,0450
2491,0450
2492,0451
2493,0451
2494,0451
2495,0451
2496,0451
2497,0452
2498,0452
2499,0453
2500,0453
2501,0454
2502,0454
2503,0454
2504,0454
2505,0454
2506,0455
2507,0455
2508,0455
2509,0455
2510,0455
2511,0456
2512,0456
2513,0456
2514,0456
2515,0456
2516,0456
2517,0456
2518,0456
2519,0457
2520,0457
2521,0457
2522,0457
2523,0457
2524,0457
2525,0458
2526,0458
2527,0458
2528,0458
2529,0458
2530,0458
2531,0458
2532,0458
2533,0459
2534,0459
2535,0459
2536,0459
2537,0459
2538,0459
2539,0459
2540,0459
2541,0459
2542,0459
2543,0460
2544,0460
2545,0460
2546,0460
2547,0460
2548,0461
2549,0461
