1,0001
2,0001
3,0001
4,0001
5,0002
6,0002
7,0002
8,0002
9,0002
10,0002
11,0002
12,0002
13,0003
14,0003
15,0003
16,0003
17,0003
18,0003
19,0006
20,0006
21,0006
22,0007
23,0007
24,0007
25,0008
26,0008
27,0008
28,0008
29,0008
30,0008
31,0009
32,0009
33,0009
34,0009
35,0009
36,0009
37,0009
38,0009
39,0010
40,0010
41,0010
42,0010
43,0010
44,0010
45,0011
46,0011
47,0011
48,0011
49,0011
50,0011
51,0012
52,0013
53,0013
54,0013
55,0013
56,0014
57,0014
58,0014
59,0015
60,0015
61,0015
62,0015
63,0015
64,0015
65,0016
66,0019
67,0019
68,0019
69,0019
70,0019
71,0020
72,0020
73,0020
74,0020
75,0021
76,0021
77,0021
78,0021
79,0022
80,0022
81,0022
82,0023
83,0023
84,0023
85,0023
86,0024
87,0024
88,0024
89,0024
90,0024
91,0025
92,0025
93,0029
94,0030
95,0030
96,0030
97,0030
98,0030
99,0031
100,0031
101,0031
102,0031
103,0031
104,0031
105,0031
106,0032
107,0032
108,0032
109,0032
110,0032
111,0033
112,0033
113,0033
114,0034
115,0034
116,0034
117,0034
118,0034
119,0034
120,0035
121,0035
122,0035
123,0035
124,0035
125,0035
126,0035
127,0036
128,0036
129,0036
130,0037
131,0037
132,0037
133,0037
134,0038
135,0038
136,0038
137,0038
138,0039
139,0039
140,0039
141,0039
142,0039
143,0039
144,0039
145,0039
146,0040
147,0040
148,0040
149,0041
150,0041
151,0041
152,0041
153,0041
154,0042
155,0042
156,0043
157,0043
158,0043
159,0043
160,0043
161,0044
162,0044
163,0047
164,0047
165,0047
166,0047
167,0048
168,0048
169,0048
170,0048
171,0049
172,0049
173,0049
174,0049
175,0049
176,0049
177,0049
178,0050
179,0050
180,0050
181,0050
182,0051
183,0051
184,0051
185,0052
186,0052
187,0052
188,0052
189,0052
190,0052
191,0052
192,0052
193,0053
194,0053
195,0053
196,0053
197,0054
198,0054
199,0054
200,0054
201,0055
202,0055
203,0055
204,0055
205,0056
206,0056
207,0056
208,0056
209,0056
210,0056
211,0057
212,0058
213,0058
214,0058
215,0058
216,0058
217,0058
218,0059
219,0059
220,0059
221,0059
222,0059
223,0059
224,0059
225,0060
226,0060
227,0060
228,0061
229,0061
230,0061
231,0061
232,0061
233,0061
234,0061
235,0061
236,0062
237,0062
238,0062
239,0062
240,0062
241,0062
242,0062
243,0062
244,0063
245,0063
246,0063
247,0063
248,0063
249,0063
250,0064
251,0064
252,0064
253,0064
254,0064
255,0064
256,0065
257,0065
258,0065
259,0065
260,0065
261,0065
262,0066
263,0066
264,0066
265,0066
266,0066
267,0067
268,0067
269,0067
270,0067
271,0067
272,0068
273,0068
274,0068
275,0068
276,0068
277,0069
278,0069
279,0069
280,0070
281,0070
282,0070
283,0070
284,0071
285,0071
286,0071
287,0072
288,0073
289,0073
290,0073
291,0074
292,0074
293,0074
294,0074
295,0074
296,0075
297,0076
298,0077
299,0078
300,0078
301,0080
302,0080
303,0080
304,0081
305,0081
306,0081
307,0083
308,0083
309,0083
310,0083
311,0084
312,0085
313,0086
314,0088
315,0088
316,0089
317,0089
318,0089
319,0089
320,0089
321,0089
322,0089
323,0090
324,0090
325,0090
326,0090
327,0090
328,0090
329,0090
330,0090
331,0091
332,0091
333,0091
334,0091
335,0091
336,0091
337,0092
338,0092
339,0092
340,0092
341,0092
342,0092
343,0093
344,0093
345,0093
346,0093
347,0093
348,0093
349,0093
350,0093
351,0094
352,0094
353,0094
354,0094
355,0094
356,0094
357,0094
358,0095
359,0095
360,0095
361,0096
362,0096
363,0096
364,0096
365,0096
366,0096
367,0097
368,0097
369,0097
370,0097
371,0097
372,0097
373,0097
374,0097
375,0098
376,0098
377,0098
378,0098
379,0098
380,0098
381,0098
382,0099
383,0099
384,0099
385,0099
386,0099
387,0099
388,0099
389,0100
390,0100
391,0100
392,0100
393,0101
394,0102
395,0102
396,0102
397,0102
398,0102
399,0102
400,0102
401,0103
402,0103
403,0103
404,0103
405,0104
406,0104
407,0104
408,0104
409,0105
410,0105
411,0105
412,0105
413,0106
414,0106
415,0106
416,0106
417,0106
418,0107
419,0107
420,0107
421,0107
422,0107
423,0108
424,0108
425,0108
426,0108
427,0108
428,0108
429,0108
430,0108
431,0108
432,0108
433,0109
434,0109
435,0109
436,0109
437,0110
438,0110
439,0110
440,0110
441,0111
442,0112
443,0112
444,0112
445,0112
446,0112
447,0112
448,0113
449,0113
450,0113
451,0114
452,0114
453,0114
454,0119
455,0119
456,0120
457,0120
458,0120
459,0120
460,0120
461,0120
462,0120
463,0120
464,0121
465,0121
466,0121
467,0121
468,0121
469,0121
470,0122
471,0122
472,0122
473,0122
474,0123
475,0123
476,0123
477,0123
478,0123
479,0123
480,0124
481,0124
482,0124
483,0125
484,0125
485,0125
486,0125
487,0125
488,0126
489,0126
490,0126
491,0127
492,0127
493,0127
494,0127
495,0128
496,0128
497,0128
498,0128
499,0128
500,0128
501,0129
502,0129
503,0129
504,0129
505,0129
506,0129
507,0129
508,0130
509,0130
510,0130
511,0130
512,0130
513,0130
514,0130
515,0131
516,0132
517,0132
518,0132
519,0132
520,0133
521,0133
522,0133
523,0133
524,0133
525,0134
526,0134
527,0135
528,0135
529,0135
530,0135
531,0135
532,0135
533,0136
534,0136
535,0136
536,0136
537,0136
538,0137
539,0137
540,0137
541,0137
542,0137
543,0137
544,0138
545,0138
546,0138
547,0138
548,0138
549,0138
550,0139
551,0139
552,0139
553,0139
554,0139
555,0139
556,0140
557,0140
558,0140
559,0140
560,0140
561,0140
562,0141
563,0141
564,0141
565,0141
566,0142
567,0142
568,0142
569,0142
570,0142
571,0143
572,0143
573,0143
574,0143
575,0144
576,0144
577,0144
578,0144
579,0144
580,0145
581,0145
582,0145
583,0146
584,0146
585,0146
586,0146
587,0146
588,0147
589,0147
590,0147
591,0147
592,0147
593,0147
594,0148
595,0148
596,0148
597,0149
598,0149
599,0149
600,0149
601,0150
602,0150
603,0150
604,0150
605,0151
606,0151
607,0151
608,0151
609,0151
610,0151
611,0152
612,0152
613,0152
614,0152
615,0153
616,0153
617,0153
618,0153
619,0153
620,0153
621,0153
622,0153
623,0154
624,0154
625,0154
626,0154
627,0154
628,0154
629,0155
630,0155
631,0155
632,0155
633,0155
634,0156
635,0156
636,0156
637,0157
638,0157
639,0157
640,0157
641,0157
642,0157
643,0157
644,0157
645,0157
646,0157
647,0158
648,0159
649,0159
650,0159
651,0159
652,0159
653,0159
654,0159
655,0160
656,0160
657,0160
658,0160
659,0160
660,0161
661,0161
662,0161
663,0162
664,0162
665,0162
666,0163
667,0164
668,0164
669,0164
670,0164
671,0164
672,0165
673,0165
674,0165
675,0165
676,0165
677,0165
678,0165
679,0165
680,0166
681,0166
682,0166
683,0166
684,0166
685,0166
686,0166
687,0167
688,0167
689,0167
690,0167
691,0167
692,0167
693,0168
694,0168
695,0168
696,0168
697,0168
698,0168
699,0169
700,0169
701,0169
702,0169
703,0169
704,0169
705,0169
706,0170
707,0170
708,0170
709,0170
710,0170
711,0170
712,0170
713,0170
714,0170
715,0170
716,0171
717,0171
718,0171
719,0171
720,0171
721,0171
722,0171
723,0171
724,0171
725,0172
726,0172
727,0172
728,0172
729,0172
730,0172
731,0172
732,0173
733,0173
734,0173
735,0173
736,0173
737,0173
738,0173
739,0173
740,0174
741,0174
742,0174
743,0174
744,0174
745,0174
746,0174
747,0174
748,0174
749,0175
750,0175
751,0175
752,0175
753,0175
754,0175
755,0175
756,0175
757,0176
758,0176
759,0176
760,0176
761,0176
762,0176
763,0177
764,0177
765,0177
766,0177
767,0177
768,0177
769,0177
770,0178
771,0178
772,0180
773,0182
774,0183
775,0183
776,0183
777,0183
778,0183
779,0184
780,0184
781,0184
782,0184
783,0184
784,0184
785,0184
786,0185
787,0185
788,0185
789,0185
790,0185
791,0185
792,0185
793,0185
794,0186
795,0186
796,0186
797,0186
798,0186
799,0188
800,0188
801,0188
802,0188
803,0188
804,0189
805,0189
806,0189
807,0189
808,0189
809,0189
810,0189
811,0190
812,0190
813,0191
814,0191
815,0192
816,0192
817,0193
818,0193
819,0193
820,0194
821,0195
822,0195
823,0195
824,0195
825,0195
826,0195
827,0196
828,0196
829,0197
830,0197
831,0198
832,0198
833,0198
834,0199
835,0199
836,0199
837,0200
838,0200
839,0200
840,0200
841,0200
842,0201
843,0201
844,0201
845,0201
846,0202
847,0202
848,0203
849,0203
850,0203
851,0204
852,0204
853,0204
854,0204
855,0205
856,0205
857,0205
858,0205
859,0206
860,0206
861,0206
862,0207
863,0207
864,0208
865,0209
866,0210
867,0210
868,0210
869,0210
870,0210
871,0210
872,0210
873,0211
874,0211
875,0211
876,0211
877,0211
878,0211
879,0211
880,0212
881,0212
882,0212
883,0212
884,0212
885,0212
886,0213
887,0213
888,0213
889,0213
890,0213
891,0214
892,0215
893,0215
894,0215
895,0215
896,0215
897,0215
898,0216
899,0216
900,0216
901,0216
902,0216
903,0216
904,0216
905,0216
906,0217
907,0217
908,0217
909,0217
910,0217
911,0217
912,0218
913,0219
914,0219
915,0219
916,0219
917,0220
918,0220
919,0220
920,0220
921,0220
922,0220
923,0220
924,0221
925,0221
926,0221
927,0221
928,0222
929,0222
930,0222
931,0222
932,0222
933,0223
934,0223
935,0224
936,0224
937,0224
938,0224
939,0224
940,0224
941,0225
942,0225
943,0225
944,0225
945,0225
946,0225
947,0226
948,0226
949,0226
950,0226
951,0227
952,0227
953,0227
954,0227
955,0227
956,0227
957,0228
958,0228
959,0229
960,0229
961,0229
962,0229
963,0229
964,0230
965,0230
966,0230
967,0231
968,0231
969,0231
970,0232
971,0232
972,0232
973,0232
974,0233
975,0233
976,0233
977,0233
978,0234
979,0234
980,0234
981,0234
982,0235
983,0235
984,0235
985,0235
986,0235
987,0236
988,0236
989,0236
990,0236
991,0237
992,0237
993,0237
994,0237
995,0237
996,0237
997,0238
998,0238
999,0238
1000,0238
1001,0238
1002,0239
1003,0239
1004,0239
1005,0239
1006,0240
1007,0240
1008,0240
1009,0240
1010,0240
1011,0241
1012,0241
1013,0241
1014,0241
1015,0241
1016,0242
1017,0242
1018,0242
1019,0242
1020,0243
1021,0243
1022,0243
1023,0243
1024,0244
1025,0244
1026,0244
1027,0244
1028,0244
1029,0244
1030,0245
1031,0245
1032,0245
1033,0245
1034,0245
1035,0246
1036,0246
1037,0246
1038,0246
1039,0246
1040,0246
1041,0247
1042,0247
1043,0247
1044,0248
1045,0248
1046,0248
1047,0249
1048,0249
1049,0249
1050,0249
1051,0250
1052,0250
1053,0250
1054,0250
1055,0250
1056,0250
1057,0251
1058,0251
1059,0251
1060,0251
1061,0252
1062,0252
1063,0252
1064,0252
1065,0252
1066,0253
1067,0253
1068,0253
1069,0253
1070,0253
1071,0253
1072,0254
1073,0254
1074,0254
1075,0254
1076,0254
1077,0255
1078,0256
1079,0257
1080,0257
1081,0257
1082,0259
1083,0260
1084,0261
1085,0261
1086,0262
1087,0262
1088,0262
1089,0262
1090,0262
1091,0263
1092,0263
1093,0263
1094,0265
1095,0265
1096,0265
1097,0266
1098,0266
1099,0266
1100,0266
1101,0266
1102,0266
1103,0266
1104,0266
1105,0266
1106,0267
1107,0267
1108,0267
1109,0267
1110,0267
1111,0267
1112,0267
1113,0267
1114,0268
1115,0268
1116,0268
1117,0268
1118,0269
1119,0269
1120,0269
1121,0269
1122,0270
1123,0271
1124,0272
1125,0272
1126,0272
1127,0272
1128,0272
1129,0272
1130,0272
1131,0272
1132,0273
1133,0273
1134,0273
1135,0273
1136,0274
1137,0275
1138,0275
1139,0276
1140,0276
1141,0278
1142,0278
1143,0279
1144,0279
1145,0279
1146,0280
1147,0280
1148,0280
1149,0280
1150,0281
1151,0282
1152,0282
1153,0283
1154,0283
1155,0283
1156,0284
1157,0285
1158,0285
1159,0285
1160,0285
1161,0285
1162,0286
1163,0286
1164,0286
1165,0287
1166,0287
1167,0287
1168,0287
1169,0287
1170,0288
1171,0288
1172,0288
1173,0288
1174,0289
1175,0291
1176,0291
1177,0291
1178,0291
1179,0292
1180,0292
1181,0292
1182,0292
1183,0293
1184,0294
1185,0295
1186,0295
1187,0296
1188,0297
1189,0297
1190,0297
1191,0297
1192,0298
1193,0299
1194,0299
1195,0299
1196,0299
1197,0299
1198,0300
1199,0300
1200,0300
1201,0301
1202,0301
1203,0301
1204,0301
1205,0302
1206,0302
1207,0302
1208,0302
1209,0302
1210,0302
1211,0303
1212,0303
1213,0303
1214,0304
1215,0304
1216,0305
1217,0305
1218,0305
1219,0305
1220,0305
1221,0305
1222,0306
1223,0306
1224,0306
1225,0306
1226,0306
1227,0306
1228,0306
1229,0307
1230,0307
1231,0307
1232,0307
1233,0307
1234,0308
1235,0308
1236,0308
1237,0309
1238,0309
1239,0310
1240,0310
1241,0311
1242,0311
1243,0311
1244,0311
1245,0311
1246,0312
1247,0312
1248,0312
1249,0312
1250,0312
1251,0312
1252,0312
1253,0313
1254,0313
1255,0313
1256,0313
1257,0314
1258,0314
1259,0314
1260,0314
1261,0314
1262,0314
1263,0315
1264,0315
1265,0316
1266,0316
1267,0317
1268,0317
1269,0318
