1,0001
2,0005
3,0006
4,0007
5,0008
6,0009
7,0010
8,0011
9,0012
10,0013
11,0014
12,0016
13,0017
14,0018
15,0021
16,0028
17,0028
18,0028
19,0029
20,0029
21,0029
22,0029
23,0029
24,0029
25,0029
26,0029
27,0030
28,0030
29,0030
30,0030
31,0030
32,0030
33,0031
34,0031
35,0031
36,0031
37,0031
38,0032
39,0032
40,0032
41,0032
42,0032
43,0032
44,0032
45,0033
46,0033
47,0033
48,0033
49,0033
50,0034
51,0034
52,0034
53,0034
54,0034
55,0034
56,0034
57,0035
58,0035
59,0035
60,0035
61,0035
62,0035
63,0035
64,0035
65,0035
66,0036
67,0036
68,0036
69,0036
70,0036
71,0037
72,0037
73,0037
74,0037
75,0037
76,0038
77,0038
78,0039
79,0039
80,0041
81,0041
82,0042
83,0044
84,0044
85,0044
86,0044
87,0045
88,0045
89,0045
90,0045
91,0045
92,0045
93,0045
94,0046
95,0046
96,0046
97,0046
98,0046
99,0046
100,0046
101,0046
102,0046
103,0047
104,0047
105,0047
106,0047
107,0047
108,0047
109,0047
110,0047
111,0047
112,0047
113,0047
114,0047
115,0047
116,0047
117,0047
118,0048
119,0048
120,0048
121,0048
122,0048
123,0048
124,0048
125,0048
126,0049
127,0049
128,0049
129,0050
130,0050
131,0050
132,0051
133,0051
134,0052
135,0052
136,0053
137,0053
138,0053
139,0054
140,0054
141,0054
142,0054
143,0055
144,0055
145,0055
146,0055
147,0056
148,0056
149,0056
150,0056
151,0057
152,0057
153,0057
154,0057
155,0057
156,0058
157,0058
158,0058
159,0058
160,0059
161,0059
162,0059
163,0059
164,0059
165,0060
166,0060
167,0060
168,0060
169,0061
170,0061
171,0061
172,0061
173,0062
174,0063
175,0064
176,0064
177,0065
178,0066
179,0066
180,0067
181,0068
182,0071
183,0071
184,0072
185,0073
186,0074
187,0076
188,0077
189,0078
190,0078
191,0081
192,0081
193,0083
194,0084
195,0085
196,0086
197,0087
198,0087
199,0087
200,0087
201,0087
202,0088
203,0088
204,0088
205,0088
206,0088
207,0088
208,0088
209,0089
210,0089
211,0089
212,0089
213,0090
214,0090
215,0090
216,0090
217,0091
218,0091
219,0091
220,0091
221,0091
222,0091
223,0092
224,0092
225,0092
226,0092
227,0092
228,0092
229,0093
230,0093
231,0093
232,0093
233,0093
234,0094
235,0094
236,0094
237,0094
238,0094
239,0094
240,0095
241,0095
242,0095
243,0095
244,0095
245,0095
246,0095
247,0095
248,0095
249,0096
250,0096
251,0096
252,0096
253,0096
254,0096
255,0097
256,0097
257,0097
258,0097
259,0098
260,0098
261,0098
262,0099
263,0099
264,0099
265,0100
266,0100
267,0102
268,0102
269,0104
270,0104
271,0105
272,0106
273,0106
274,0107
275,0108
276,0108
277,0108
278,0108
279,0109
280,0109
281,0109
282,0109
283,0109
284,0109
285,0109
286,0109
287,0110
288,0110
289,0110
290,0110
291,0110
292,0110
293,0111
294,0111
295,0111
296,0111
297,0111
298,0111
299,0111
300,0112
301,0112
302,0112
303,0112
304,0112
305,0112
306,0113
307,0113
308,0113
309,0113
310,0113
311,0114
312,0114
313,0114
314,0114
315,0115
316,0115
317,0115
318,0116
319,0116
320,0117
321,0117
322,0117
323,0117
324,0118
325,0118
326,0118
327,0119
328,0119
329,0120
330,0120
331,0120
332,0121
333,0121
334,0121
335,0122
336,0122
337,0122
338,0123
339,0123
340,0123
341,0123
342,0123
343,0124
344,0124
345,0124
346,0124
347,0124
348,0124
349,0124
350,0124
351,0125
352,0125
353,0125
354,0125
355,0125
356,0125
357,0126
358,0126
359,0126
360,0126
361,0126
362,0126
363,0126
364,0126
365,0127
366,0127
367,0127
368,0127
369,0127
370,0128
371,0128
372,0128
373,0128
374,0128
375,0128
376,0128
377,0128
378,0128
379,0129
380,0129
381,0129
382,0129
383,0130
384,0130
385,0130
386,0130
387,0130
388,0130
389,0130
390,0130
391,0131
392,0131
393,0131
394,0131
395,0131
396,0131
397,0131
398,0131
399,0132
400,0132
401,0132
402,0132
403,0133
404,0133
405,0133
406,0133
407,0133
408,0133
409,0133
410,0133
411,0134
412,0134
413,0134
414,0134
415,0134
416,0135
417,0135
418,0136
419,0136
420,0137
421,0137
422,0138
423,0138
424,0139
425,0139
426,0139
427,0140
428,0141
429,0141
430,0141
431,0141
432,0142
433,0142
434,0142
435,0143
436,0143
437,0144
438,0144
439,0144
440,0145
441,0145
442,0146
443,0146
444,0146
445,0147
446,0148
447,0148
448,0149
449,0149
450,0149
451,0150
452,0150
453,0150
454,0151
455,0151
456,0152
457,0152
458,0152
459,0153
460,0153
461,0154
462,0154
463,0154
464,0155
465,0155
466,0155
467,0156
468,0156
469,0157
470,0158
471,0158
472,0159
473,0159
474,0160
475,0160
476,0160
477,0161
478,0161
479,0161
480,0161
481,0161
482,0162
483,0162
484,0162
485,0162
486,0162
487,0163
488,0163
489,0164
490,0164
491,0164
492,0164
493,0165
494,0165
495,0165
496,0165
497,0166
498,0166
499,0166
500,0166
501,0167
502,0167
503,0167
504,0168
505,0170
506,0173
507,0175
508,0175
509,0176
510,0176
511,0176
512,0177
513,0177
514,0177
515,0178
516,0178
517,0179
518,0181
519,0182
520,0183
521,0184
522,0185
523,0187
524,0188
525,0189
526,0189
527,0189
528,0190
529,0190
530,0190
531,0190
532,0190
533,0190
534,0190
535,0191
536,0191
537,0191
538,0191
539,0191
540,0191
541,0192
542,0192
543,0193
544,0193
545,0193
546,0193
547,0194
548,0194
549,0194
550,0194
551,0195
552,0195
553,0195
554,0195
555,0195
556,0195
557,0195
558,0196
559,0196
560,0196
561,0196
562,0196
563,0197
564,0197
565,0197
566,0197
567,0197
568,0198
569,0198
570,0198
571,0198
572,0198
573,0199
574,0199
575,0199
576,0199
577,0199
578,0200
579,0200
580,0200
581,0200
582,0201
583,0201
584,0201
585,0201
586,0201
587,0202
588,0202
589,0202
590,0203
591,0203
592,0203
593,0204
594,0204
595,0204
596,0204
597,0205
598,0205
599,0205
600,0205
601,0206
602,0206
603,0206
604,0207
605,0207
606,0207
607,0207
608,0208
609,0208
610,0208
611,0209
612,0209
613,0209
614,0209
615,0210
616,0210
617,0210
618,0210
619,0211
620,0211
621,0211
622,0212
623,0212
624,0212
625,0213
626,0213
627,0213
628,0213
629,0214
630,0214
631,0214
632,0214
633,0215
634,0215
635,0216
636,0216
637,0217
638,0217
639,0217
640,0218
641,0218
642,0219
643,0220
644,0220
645,0221
646,0221
647,0222
648,0222
649,0223
650,0223
651,0223
652,0224
653,0224
654,0224
655,0225
656,0225
657,0226
658,0226
659,0227
660,0227
661,0228
662,0228
663,0230
664,0230
665,0231
666,0231
667,0232
668,0232
669,0232
670,0233
671,0233
672,0233
673,0234
674,0234
675,0234
676,0235
677,0236
678,0236
679,0237
680,0237
681,0237
682,0238
683,0238
684,0239
685,0239
686,0240
687,0240
688,0240
689,0241
690,0241
691,0242
692,0244
693,0244
694,0244
695,0245
696,0245
697,0246
698,0246
699,0246
700,0246
701,0247
702,0247
703,0247
704,0247
705,0248
706,0248
707,0248
708,0250
709,0250
710,0250
711,0250
712,0250
713,0251
714,0251
715,0251
716,0251
717,0252
718,0252
719,0252
720,0253
721,0253
722,0253
723,0253
724,0254
725,0254
726,0254
727,0254
728,0255
729,0255
730,0255
731,0255
732,0256
733,0256
734,0256
735,0257
736,0258
737,0258
738,0259
739,0259
740,0259
741,0260
742,0260
743,0260
744,0260
745,0261
746,0261
747,0262
748,0262
749,0262
750,0262
751,0263
752,0263
753,0263
754,0264
755,0264
756,0264
757,0265
758,0265
759,0265
760,0266
761,0267
762,0267
763,0267
764,0268
765,0268
766,0268
767,0269
768,0269
769,0269
770,0269
771,0269
772,0270
773,0270
774,0270
775,0270
776,0270
777,0271
778,0271
779,0271
780,0271
781,0272
782,0272
783,0272
784,0272
785,0273
786,0273
787,0273
788,0273
789,0274
790,0274
791,0275
792,0275
793,0275
794,0276
795,0276
796,0276
797,0277
798,0277
799,0277
800,0277
801,0277
802,0278
803,0278
804,0278
805,0278
806,0279
807,0279
808,0279
809,0282
810,0283
811,0283
812,0283
813,0283
814,0283
815,0284
816,0284
817,0284
818,0284
819,0284
820,0284
821,0285
822,0286
823,0286
824,0286
825,0286
826,0287
827,0287
828,0287
829,0288
830,0288
831,0288
832,0288
833,0289
834,0289
835,0289
836,0290
837,0290
838,0290
839,0290
840,0290
841,0291
842,0291
843,0291
844,0291
845,0291
846,0291
847,0292
848,0292
849,0292
850,0292
851,0293
852,0293
853,0293
854,0293
855,0294
856,0294
857,0294
858,0295
859,0295
860,0295
861,0296
862,0296
863,0296
864,0297
865,0297
866,0298
867,0298
868,0298
869,0298
870,0298
871,0299
872,0299
873,0300
874,0300
875,0300
876,0301
877,0301
878,0302
879,0302
880,0303
881,0303
882,0303
883,0304
884,0304
885,0305
886,0305
887,0306
888,0306
889,0306
890,0307
891,0308
892,0308
893,0308
894,0309
895,0309
896,0309
897,0310
898,0310
899,0311
900,0311
901,0312
902,0312
903,0312
904,0313
905,0313
906,0314
907,0314
908,0314
909,0314
910,0314
911,0315
912,0315
913,0315
914,0315
915,0316
916,0316
917,0316
918,0317
919,0317
920,0318
921,0318
922,0318
923,0319
924,0319
925,0319
926,0320
927,0320
928,0320
929,0321
930,0321
931,0322
932,0322
933,0322
934,0323
935,0323
936,0323
937,0324
938,0324
939,0324
940,0325
941,0325
942,0326
943,0326
944,0326
945,0326
946,0326
947,0327
948,0327
949,0327
950,0327
951,0328
952,0328
953,0328
954,0328
955,0328
956,0329
957,0329
958,0329
959,0330
960,0330
961,0330
962,0331
963,0331
964,0332
965,0332
966,0332
967,0332
968,0333
969,0333
970,0333
971,0334
972,0334
973,0334
974,0335
975,0335
976,0336
977,0336
978,0336
979,0337
980,0337
981,0337
982,0338
983,0338
984,0338
985,0338
986,0339
987,0339
