1,0001
2,0001
3,0001
4,0002
5,0002
6,0002
7,0002
8,0003
9,0003
10,0003
11,0003
12,0004
13,0004
14,0004
15,0004
16,0005
17,0005
18,0005
19,0005
20,0005
21,0005
22,0005
23,0005
24,0005
25,0006
26,0006
27,0006
28,0006
29,0007
30,0007
31,0007
32,0007
33,0008
34,0008
35,0008
36,0008
37,0008
38,0008
39,0008
40,0009
41,0009
42,0009
43,0009
44,0010
45,0010
46,0010
47,0012
48,0012
49,0012
50,0013
51,0013
52,0013
53,0014
54,0014
55,0014
56,0015
57,0015
58,0016
59,0017
60,0017
61,0017
62,0017
63,0017
64,0017
65,0017
66,0018
67,0018
68,0018
69,0018
70,0018
71,0018
72,0019
73,0019
74,0019
75,0019
76,0019
77,0019
78,0019
79,0020
80,0020
81,0020
82,0020
83,0020
84,0020
85,0020
86,0021
87,0021
88,0021
89,0022
90,0022
91,0022
92,0022
93,0022
94,0022
95,0022
96,0023
97,0023
98,0023
99,0024
100,0024
101,0024
102,0024
103,0024
104,0024
105,0024
106,0024
107,0025
108,0025
109,0025
110,0025
111,0025
112,0025
113,0025
114,0025
115,0026
116,0026
117,0027
118,0027
119,0027
120,0027
121,0028
122,0028
123,0028
124,0028
125,0028
126,0029
127,0029
128,0029
129,0030
130,0030
131,0030
132,0030
133,0031
134,0031
135,0031
136,0031
137,0031
138,0032
139,0032
140,0032
141,0032
142,0033
143,0033
144,0033
145,0033
146,0033
147,0035
148,0035
149,0035
150,0035
151,0036
152,0036
153,0036
154,0036
155,0036
156,0037
157,0037
158,0037
159,0037
160,0037
161,0038
162,0038
163,0038
164,0038
165,0040
166,0040
167,0040
168,0040
169,0041
170,0041
171,0041
172,0041
173,0041
174,0042
175,0042
176,0042
177,0043
178,0043
179,0043
180,0043
181,0043
182,0044
183,0045
184,0045
185,0045
186,0046
187,0046
188,0046
189,0046
190,0047
191,0047
192,0047
193,0048
194,0048
195,0048
196,0048
197,0049
198,0049
199,0049
200,0049
201,0050
202,0050
203,0050
204,0051
205,0051
206,0051
207,0051
208,0052
209,0052
210,0052
211,0052
212,0053
213,0053
214,0053
215,0054
216,0054
217,0054
218,0054
219,0055
220,0055
221,0055
222,0055
223,0056
224,0056
225,0056
226,0056
227,0057
228,0057
229,0057
230,0058
231,0058
232,0058
233,0058
234,0059
235,0059
236,0059
237,0059
238,0060
239,0060
240,0060
241,0061
242,0061
243,0061
244,0061
245,0063
246,0063
247,0063
248,0063
249,0064
250,0064
251,0064
252,0065
253,0065
254,0065
255,0066
256,0066
257,0066
258,0066
259,0067
260,0067
261,0067
262,0067
263,0068
264,0069
265,0069
266,0069
267,0069
268,0070
269,0070
270,0070
271,0071
272,0071
273,0071
274,0071
275,0072
276,0072
277,0072
278,0073
279,0073
280,0073
281,0074
282,0074
283,0074
284,0075
285,0075
286,0075
287,0075
288,0076
289,0076
290,0076
291,0076
292,0077
293,0077
294,0077
295,0077
296,0077
297,0078
298,0079
299,0079
300,0079
301,0079
302,0080
303,0080
304,0080
305,0080
306,0081
307,0081
308,0081
309,0081
310,0081
311,0082
312,0082
313,0082
314,0082
315,0082
316,0083
317,0083
318,0083
319,0083
320,0083
321,0083
322,0084
323,0084
324,0084
325,0084
326,0084
327,0084
328,0085
329,0085
330,0085
331,0085
332,0085
333,0087
334,0087
335,0087
336,0087
337,0087
338,0088
339,0088
340,0088
341,0088
342,0088
343,0089
344,0089
345,0089
346,0089
347,0089
348,0090
349,0090
350,0090
351,0090
352,0090
353,0091
354,0091
355,0092
356,0092
357,0092
358,0093
359,0093
360,0093
361,0093
362,0093
363,0093
364,0093
365,0094
366,0094
367,0094
368,0094
369,0094
370,0094
371,0094
372,0095
373,0095
374,0095
375,0095
376,0096
377,0096
378,0096
379,0096
380,0096
381,0096
382,0096
383,0097
384,0097
385,0098
386,0098
387,0098
388,0098
389,0098
390,0098
391,0099
392,0099
393,0099
394,0099
395,0099
396,0100
397,0101
398,0101
399,0101
400,0101
401,0102
402,0102
403,0102
404,0102
405,0103
406,0103
407,0103
408,0103
409,0105
410,0105
411,0105
412,0105
413,0106
414,0106
415,0106
416,0106
417,0107
418,0107
419,0107
420,0107
421,0107
422,0108
423,0108
424,0108
425,0108
426,0108
427,0109
428,0109
429,0109
430,0109
431,0110
432,0110
433,0110
434,0111
435,0112
436,0112
437,0112
438,0112
439,0112
440,0113
441,0113
442,0113
443,0113
444,0113
445,0113
446,0113
447,0113
448,0114
449,0114
450,0114
451,0115
452,0115
453,0115
454,0115
455,0116
456,0116
457,0116
458,0117
459,0117
460,0117
461,0117
462,0118
463,0119
464,0119
465,0119
466,0119
467,0120
468,0120
469,0120
470,0120
471,0120
472,0120
473,0120
474,0120
475,0120
476,0120
477,0121
478,0121
479,0121
480,0121
481,0121
482,0121
483,0121
484,0121
485,0122
486,0122
487,0122
488,0122
489,0122
490,0122
491,0123
492,0123
493,0123
494,0123
495,0123
496,0124
497,0124
498,0124
499,0124
500,0124
501,0125
502,0125
503,0126
504,0126
505,0126
506,0126
507,0127
508,0127
509,0127
510,0127
511,0128
512,0128
513,0128
514,0128
515,0128
516,0129
517,0129
518,0129
519,0129
520,0130
521,0130
522,0131
523,0131
524,0131
525,0131
526,0131
527,0131
528,0132
529,0132
530,0132
531,0132
532,0132
533,0132
534,0133
535,0133
536,0133
537,0133
538,0133
539,0133
540,0134
541,0134
542,0134
543,0134
544,0134
545,0134
546,0135
547,0135
548,0135
549,0135
550,0136
551,0136
552,0136
553,0137
554,0137
555,0137
556,0137
557,0137
558,0137
559,0137
560,0137
561,0137
562,0137
563,0138
564,0138
565,0138
566,0138
567,0138
568,0138
569,0139
570,0139
571,0139
572,0140
573,0140
574,0140
575,0141
576,0141
577,0141
578,0141
579,0141
580,0141
581,0142
582,0142
583,0142
584,0142
585,0142
586,0142
587,0142
588,0142
589,0142
590,0143
591,0143
592,0143
593,0143
594,0143
595,0143
596,0143
597,0144
598,0144
599,0145
600,0145
601,0146
602,0146
603,0146
604,0146
605,0146
606,0147
607,0147
608,0147
609,0147
610,0147
611,0147
612,0147
613,0148
614,0148
615,0148
616,0148
617,0148
618,0148
619,0149
620,0149
621,0149
622,0149
623,0149
624,0149
625,0149
626,0150
627,0150
628,0150
629,0150
630,0150
631,0150
632,0151
633,0151
634,0151
635,0151
636,0151
637,0151
638,0151
639,0151
640,0151
641,0153
642,0153
643,0153
644,0154
645,0154
646,0154
647,0154
648,0154
649,0154
650,0154
651,0155
652,0155
653,0155
654,0155
655,0155
656,0155
657,0155
658,0155
659,0155
660,0155
661,0155
662,0155
663,0155
664,0155
665,0155
666,0155
667,0156
668,0156
669,0157
670,0157
671,0157
672,0158
673,0158
674,0159
675,0159
676,0159
677,0159
678,0162
679,0162
680,0162
681,0162
682,0163
683,0163
684,0163
685,0163
686,0163
687,0164
688,0164
689,0164
690,0164
691,0165
692,0165
693,0165
694,0166
695,0166
696,0166
697,0166
698,0167
699,0167
700,0167
701,0168
702,0168
703,0169
704,0169
705,0170
706,0170
707,0170
708,0171
709,0171
710,0171
711,0172
712,0172
713,0172
714,0172
715,0173
716,0173
717,0173
718,0174
719,0174
720,0174
721,0174
722,0175
723,0175
724,0176
725,0176
726,0176
727,0177
728,0177
729,0177
730,0177
731,0178
732,0178
733,0178
734,0178
735,0179
736,0179
737,0179
738,0179
739,0180
740,0180
741,0180
742,0180
743,0181
744,0181
745,0181
746,0181
747,0181
748,0182
749,0182
750,0182
751,0183
752,0183
753,0183
754,0184
755,0184
756,0184
757,0185
758,0185
759,0185
760,0186
761,0186
762,0186
763,0186
764,0186
765,0187
766,0187
767,0188
768,0188
769,0188
770,0189
771,0189
772,0189
773,0189
774,0190
775,0190
776,0190
777,0191
778,0191
779,0191
780,0191
781,0192
782,0192
783,0192
784,0192
785,0193
786,0193
787,0193
788,0194
789,0194
790,0194
791,0194
792,0195
793,0195
794,0196
795,0196
796,0197
797,0197
798,0197
799,0197
800,0197
801,0198
802,0198
803,0199
804,0199
805,0199
806,0200
807,0200
808,0200
809,0200
810,0200
811,0201
812,0201
813,0201
814,0201
815,0201
816,0202
817,0202
818,0203
819,0203
820,0203
821,0204
822,0204
823,0204
824,0204
825,0205
826,0205
827,0205
828,0206
829,0206
830,0206
831,0206
832,0207
833,0207
834,0207
835,0208
836,0208
837,0208
838,0208
839,0209
840,0209
841,0209
842,0209
843,0211
844,0211
845,0211
846,0212
847,0212
848,0212
849,0213
850,0213
851,0213
852,0214
853,0214
854,0214
855,0214
856,0214
857,0214
858,0214
859,0214
860,0215
861,0215
862,0215
863,0215
864,0215
865,0215
866,0215
867,0216
868,0216
869,0216
870,0217
871,0217
872,0217
873,0217
874,0217
875,0217
876,0217
877,0217
878,0218
879,0218
880,0218
881,0218
882,0219
883,0219
884,0219
885,0219
886,0220
887,0220
888,0220
889,0220
890,0221
891,0221
892,0221
893,0221
894,0223
895,0223
896,0223
897,0223
898,0223
899,0224
900,0224
901,0224
902,0225
903,0225
904,0225
905,0225
906,0225
907,0226
908,0226
909,0226
910,0226
911,0226
912,0227
913,0227
914,0228
915,0228
916,0228
917,0228
918,0228
919,0229
920,0229
921,0229
922,0229
923,0229
924,0230
925,0230
926,0230
927,0230
928,0230
929,0230
930,0230
931,0231
932,0231
933,0231
934,0231
935,0231
936,0231
937,0231
938,0231
939,0231
940,0231
941,0232
942,0232
943,0232
944,0232
945,0232
946,0232
947,0232
948,0232
949,0232
950,0232
951,0233
952,0233
953,0233
954,0233
955,0233
956,0234
957,0234
958,0234
959,0235
960,0235
961,0235
962,0237
963,0237
964,0237
965,0237
966,0238
967,0238
968,0238
969,0238
970,0238
971,0238
972,0238
973,0239
974,0239
975,0239
976,0239
977,0239
978,0240
979,0240
980,0240
981,0240
982,0240
983,0240
984,0241
985,0241
986,0241
987,0242
988,0242
989,0242
990,0242
991,0242
992,0243
993,0243
994,0243
995,0243
996,0243
997,0243
998,0243
999,0244
1000,0244
1001,0244
1002,0244
1003,0244
1004,0244
1005,0245
1006,0245
1007,0245
1008,0245
1009,0245
1010,0245
1011,0245
1012,0246
1013,0246
1014,0246
1015,0246
1016,0246
1017,0246
1018,0246
1019,0246
1020,0247
1021,0247
1022,0247
1023,0248
1024,0248
1025,0248
1026,0248
1027,0248
1028,0249
1029,0249
1030,0249
1031,0249
1032,0249
1033,0250
1034,0250
1035,0250
1036,0250
1037,0250
1038,0251
1039,0251
1040,0251
1041,0251
1042,0251
1043,0252
1044,0252
1045,0252
1046,0252
1047,0252
1048,0253
1049,0253
1050,0253
1051,0253
1052,0253
1053,0254
1054,0254
1055,0254
1056,0254
1057,0254
1058,0254
1059,0254
1060,0254
1061,0254
1062,0255
1063,0256
1064,0256
1065,0256
1066,0257
1067,0257
1068,0257
1069,0257
1070,0258
1071,0258
1072,0258
1073,0258
1074,0259
1075,0259
1076,0259
1077,0259
1078,0259
1079,0260
1080,0260
1081,0260
1082,0261
1083,0261
1084,0261
1085,0261
1086,0261
1087,0262
1088,0262
1089,0262
1090,0263
1091,0263
1092,0263
1093,0264
1094,0264
1095,0264
1096,0264
1097,0265
1098,0265
1099,0266
1100,0266
1101,0266
1102,0266
1103,0266
1104,0267
1105,0267
1106,0267
1107,0267
1108,0268
1109,0268
1110,0269
1111,0269
1112,0269
1113,0270
1114,0270
1115,0270
1116,0271
1117,0271
1118,0272
1119,0272
1120,0273
1121,0273
1122,0273
1123,0273
1124,0273
1125,0274
1126,0274
1127,0274
1128,0274
1129,0274
1130,0275
1131,0275
1132,0275
1133,0276
1134,0276
1135,0276
1136,0277
1137,0277
1138,0277
1139,0277
1140,0277
1141,0277
1142,0278
1143,0278
1144,0278
1145,0278
1146,0279
1147,0279
1148,0280
1149,0280
1150,0280
1151,0280
1152,0280
1153,0281
1154,0281
1155,0281
1156,0281
1157,0282
1158,0282
1159,0282
1160,0282
1161,0283
1162,0283
1163,0283
1164,0283
1165,0283
1166,0283
1167,0283
1168,0284
1169,0284
1170,0285
1171,0285
1172,0285
1173,0286
1174,0286
1175,0287
1176,0287
1177,0287
1178,0287
1179,0287
1180,0288
1181,0288
1182,0288
1183,0288
1184,0288
1185,0288
1186,0288
1187,0289
1188,0289
1189,0289
1190,0289
1191,0289
1192,0289
1193,0289
1194,0289
1195,0290
1196,0290
1197,0290
1198,0290
1199,0290
1200,0290
1201,0290
1202,0290
1203,0290
1204,0290
1205,0292
1206,0292
1207,0292
1208,0293
1209,0293
1210,0293
1211,0293
1212,0294
1213,0294
1214,0294
1215,0294
1216,0294
1217,0294
1218,0295
1219,0295
1220,0295
1221,0295
1222,0296
1223,0296
1224,0296
1225,0296
1226,0296
1227,0296
1228,0296
1229,0296
1230,0297
1231,0297
1232,0297
1233,0297
1234,0297
1235,0297
1236,0297
1237,0298
1238,0298
1239,0298
1240,0298
1241,0298
1242,0298
1243,0299
1244,0299
1245,0299
1246,0299
1247,0300
1248,0300
1249,0301
1250,0301
1251,0301
1252,0301
1253,0302
1254,0302
1255,0302
1256,0303
1257,0303
1258,0303
1259,0303
1260,0304
1261,0304
1262,0304
1263,0304
1264,0304
1265,0304
1266,0304
1267,0305
1268,0305
1269,0305
1270,0305
1271,0305
1272,0306
1273,0306
1274,0306
1275,0306
1276,0307
1277,0307
1278,0307
1279,0308
1280,0308
1281,0309
1282,0309
1283,0309
1284,0309
1285,0311
1286,0311
1287,0312
1288,0312
1289,0312
1290,0312
1291,0312
1292,0312
1293,0313
1294,0313
1295,0313
1296,0313
1297,0314
1298,0314
1299,0314
1300,0316
1301,0316
1302,0316
1303,0316
1304,0316
1305,0318
1306,0318
1307,0319
1308,0319
1309,0319
1310,0320
1311,0320
1312,0320
1313,0320
1314,0321
1315,0321
1316,0321
1317,0321
1318,0321
1319,0322
1320,0322
1321,0322
1322,0322
1323,0322
1324,0323
1325,0323
1326,0323
1327,0323
1328,0323
1329,0324
1330,0324
1331,0324
1332,0324
1333,0324
1334,0324
1335,0324
1336,0324
1337,0324
1338,0324
1339,0325
1340,0325
1341,0325
1342,0325
1343,0325
1344,0325
1345,0325
1346,0325
1347,0326
1348,0326
1349,0326
1350,0326
1351,0327
1352,0327
1353,0327
1354,0327
1355,0328
1356,0328
1357,0328
1358,0329
1359,0329
1360,0329
1361,0330
1362,0330
1363,0332
1364,0332
1365,0332
1366,0332
1367,0333
1368,0333
1369,0333
1370,0333
1371,0334
1372,0334
1373,0334
1374,0334
1375,0334
1376,0334
1377,0335
1378,0335
1379,0335
1380,0335
1381,0336
1382,0336
1383,0336
1384,0337
1385,0337
1386,0337
1387,0337
1388,0338
1389,0338
1390,0338
1391,0338
1392,0338
1393,0338
1394,0338
1395,0338
1396,0339
1397,0339
1398,0339
1399,0339
1400,0340
1401,0340
1402,0340
1403,0340
1404,0341
1405,0341
1406,0341
1407,0341
1408,0342
1409,0342
1410,0342
1411,0344
1412,0344
1413,0345
1414,0345
1415,0345
1416,0345
1417,0346
1418,0346
1419,0346
1420,0346
1421,0346
1422,0347
1423,0347
1424,0347
1425,0347
1426,0348
1427,0348
1428,0348
1429,0348
1430,0348
1431,0348
1432,0349
1433,0349
1434,0349
1435,0349
1436,0349
1437,0349
1438,0350
1439,0350
1440,0350
1441,0350
1442,0350
1443,0351
1444,0351
1445,0351
1446,0351
1447,0351
1448,0351
1449,0352
1450,0352
1451,0352
1452,0352
1453,0352
1454,0353
1455,0353
1456,0353
1457,0353
1458,0354
1459,0354
1460,0354
1461,0355
1462,0355
1463,0355
1464,0355
1465,0356
1466,0356
1467,0356
1468,0356
1469,0357
1470,0357
1471,0357
1472,0357
1473,0358
1474,0358
1475,0358
1476,0358
1477,0359
1478,0359
1479,0359
1480,0359
1481,0361
1482,0361
1483,0361
1484,0362
1485,0362
1486,0362
1487,0363
1488,0363
1489,0363
1490,0363
1491,0364
1492,0364
1493,0364
1494,0365
1495,0365
1496,0365
1497,0365
1498,0366
1499,0366
1500,0366
1501,0366
1502,0367
1503,0367
1504,0367
1505,0367
1506,0368
1507,0369
1508,0369
1509,0369
1510,0370
1511,0370
1512,0370
1513,0371
1514,0371
1515,0371
1516,0371
1517,0372
1518,0372
1519,0372
1520,0372
1521,0372
1522,0372
1523,0373
1524,0373
1525,0373
1526,0373
1527,0373
1528,0373
1529,0374
1530,0374
1531,0374
1532,0374
1533,0375
1534,0375
1535,0375
1536,0375
1537,0375
1538,0376
1539,0376
1540,0376
1541,0376
1542,0376
1543,0377
1544,0377
1545,0377
1546,0377
1547,0378
1548,0378
1549,0379
1550,0379
1551,0379
1552,0379
1553,0379
1554,0380
1555,0380
1556,0380
1557,0380
1558,0380
1559,0380
1560,0380
1561,0380
1562,0381
1563,0381
1564,0381
1565,0381
1566,0381
1567,0381
1568,0382
1569,0382
1570,0382
1571,0383
1572,0383
1573,0384
1574,0384
1575,0385
1576,0385
1577,0385
1578,0385
1579,0386
1580,0386
1581,0386
1582,0387
1583,0387
1584,0388
1585,0388
1586,0389
1587,0390
1588,0390
1589,0391
1590,0392
1591,0392
1592,0392
1593,0392
1594,0393
1595,0393
1596,0393
1597,0394
1598,0394
1599,0394
1600,0395
1601,0395
1602,0395
1603,0397
1604,0397
1605,0397
1606,0398
1607,0398
1608,0398
1609,0398
1610,0399
1611,0399
1612,0399
1613,0400
1614,0400
1615,0400
1616,0401
1617,0401
1618,0401
1619,0402
1620,0402
1621,0403
1622,0403
1623,0403
1624,0404
1625,0404
1626,0405
1627,0406
1628,0406
1629,0406
1630,0406
1631,0407
1632,0407
1633,0407
1634,0408
1635,0408
1636,0408
1637,0408
1638,0409
1639,0409
1640,0409
1641,0410
1642,0410
1643,0410
1644,0410
1645,0410
1646,0411
1647,0411
1648,0411
1649,0411
1650,0411
1651,0411
1652,0412
1653,0412
1654,0413
1655,0413
1656,0413
1657,0414
1658,0415
1659,0415
1660,0416
1661,0416
1662,0417
1663,0417
1664,0419
1665,0419
1666,0420
1667,0420
1668,0420
1669,0420
1670,0420
1671,0420
1672,0421
1673,0421
1674,0421
1675,0421
1676,0422
1677,0422
1678,0422
1679,0422
1680,0422
1681,0422
1682,0422
1683,0423
1684,0423
1685,0423
1686,0423
1687,0423
1688,0423
1689,0423
1690,0423
1691,0424
1692,0424
1693,0425
1694,0425
1695,0426
1696,0426
1697,0426
1698,0428
1699,0428
1700,0428
1701,0429
1702,0429
1703,0429
1704,0430
1705,0430
1706,0431
1707,0431
1708,0431
1709,0432
1710,0432
1711,0432
1712,0434
1713,0434
1714,0434
1715,0435
1716,0435
1717,0435
1718,0436
1719,0436
1720,0437
1721,0437
1722,0438
1723,0439
1724,0439
1725,0441
1726,0441
1727,0442
1728,0442
1729,0442
1730,0443
1731,0443
1732,0443
1733,0444
1734,0444
1735,0444
1736,0445
1737,0445
1738,0445
1739,0446
1740,0446
1741,0446
1742,0447
1743,0447
1744,0448
1745,0448
1746,0449
1747,0451
1748,0451
1749,0452
1750,0452
1751,0453
1752,0453
1753,0454
1754,0454
1755,0455
1756,0455
1757,0457
1758,0457
1759,0458
1760,0458
1761,0458
1762,0459
1763,0459
1764,0459
1765,0459
1766,0461
1767,0461
1768,0461
1769,0461
1770,0462
1771,0462
1772,0462
1773,0462
1774,0462
1775,0463
1776,0464
1777,0464
1778,0464
1779,0464
1780,0465
1781,0465
1782,0465
1783,0465
1784,0466
1785,0466
1786,0467
1787,0467
1788,0467
1789,0467
1790,0467
1791,0467
1792,0467
1793,0468
1794,0468
1795,0468
1796,0468
1797,0468
1798,0468
1799,0468
1800,0468
1801,0469
1802,0469
1803,0469
