1,0001
2,0001
3,0001
4,0002
5,0002
6,0002
7,0003
8,0003
9,0003
10,0003
11,0004
12,0004
13,0004
14,0004
15,0005
16,0005
17,0005
18,0005
19,0006
20,0006
21,0006
22,0007
23,0007
24,0007
25,0007
26,0007
27,0007
28,0008
29,0008
30,0008
31,0008
32,0008
33,0009
34,0009
35,0010
36,0010
37,0010
38,0010
39,0011
40,0011
41,0011
42,0011
43,0012
44,0013
45,0013
46,0014
47,0014
48,0015
49,0016
50,0018
51,0018
52,0019
53,0019
54,0020
55,0020
56,0021
57,0021
58,0022
59,0022
60,0022
61,0023
62,0024
63,0025
64,0026
65,0027
66,0027
67,0027
68,0028
69,0029
70,0029
71,0029
72,0030
73,0030
74,0031
75,0031
76,0032
77,0034
78,0035
79,0035
80,0035
81,0035
82,0036
83,0036
84,0036
85,0036
86,0037
87,0037
88,0038
89,0039
90,0039
91,0040
92,0040
93,0042
94,0043
95,0043
96,0043
97,0044
98,0044
99,0044
100,0044
101,0045
102,0045
103,0046
104,0046
105,0046
106,0047
107,0047
108,0047
109,0047
110,0048
111,0048
112,0049
113,0049
114,0049
115,0049
116,0050
117,0050
118,0050
119,0050
120,0051
121,0051
122,0051
123,0052
124,0052
125,0052
126,0052
127,0052
128,0053
129,0053
130,0054
131,0054
132,0054
133,0054
134,0054
135,0055
136,0055
137,0055
138,0056
139,0056
140,0056
141,0056
142,0057
143,0057
144,0057
145,0057
146,0058
147,0058
148,0058
149,0059
150,0059
151,0059
152,0059
153,0060
154,0060
155,0060
156,0061
157,0061
158,0061
159,0061
160,0061
161,0062
162,0062
163,0062
164,0063
165,0063
166,0063
167,0064
168,0064
169,0064
170,0065
171,0065
172,0065
173,0065
174,0066
175,0066
176,0067
177,0067
178,0067
179,0067
180,0067
181,0068
182,0068
183,0069
184,0069
185,0069
186,0069
187,0069
188,0070
189,0070
190,0071
191,0071
192,0071
193,0071
194,0072
195,0072
196,0072
197,0072
198,0073
199,0073
200,0074
201,0074
202,0075
203,0075
204,0075
205,0075
206,0076
207,0076
208,0077
209,0077
210,0077
211,0077
212,0078
213,0078
214,0078
215,0078
216,0079
217,0079
218,0079
219,0080
220,0080
221,0080
222,0080
223,0080
224,0081
225,0081
226,0082
227,0082
228,0082
229,0082
230,0082
231,0083
232,0083
233,0083
234,0084
235,0084
236,0084
237,0084
238,0085
239,0085
240,0085
241,0086
242,0086
243,0086
244,0086
245,0087
246,0087
247,0087
248,0087
249,0088
250,0088
251,0088
252,0088
253,0089
254,0089
255,0089
256,0090
257,0090
258,0090
259,0090
260,0091
261,0091
262,0092
263,0092
264,0092
265,0092
266,0093
267,0093
268,0094
269,0094
270,0094
271,0094
272,0095
273,0095
274,0095
275,0096
276,0096
277,0096
278,0097
279,0097
280,0097
281,0097
282,0098
283,0098
284,0098
285,0098
286,0098
287,0098
288,0099
289,0099
290,0099
291,0099
292,0100
293,0100
294,0101
295,0101
296,0101
297,0101
298,0102
299,0102
300,0103
301,0103
302,0103
303,0103
304,0104
305,0104
306,0104
307,0105
308,0105
309,0105
310,0105
311,0106
312,0106
313,0106
314,0106
315,0107
316,0107
317,0107
318,0108
319,0108
320,0108
321,0108
322,0108
323,0109
324,0109
325,0109
326,0110
327,0110
328,0110
329,0111
330,0111
331,0111
332,0111
333,0111
334,0112
335,0112
336,0112
337,0113
338,0113
339,0114
340,0114
341,0114
342,0114
343,0115
344,0115
345,0115
346,0115
347,0115
348,0116
349,0116
350,0116
351,0117
352,0117
353,0117
354,0117
355,0118
356,0118
357,0119
358,0119
359,0119
360,0120
361,0120
362,0120
363,0121
364,0121
365,0121
366,0122
367,0122
368,0122
369,0122
370,0123
371,0123
372,0124
373,0124
374,0124
375,0124
376,0125
377,0125
378,0125
379,0126
380,0127
381,0127
382,0129
383,0131
384,0133
385,0134
386,0135
387,0138
388,0140
389,0141
390,0142
391,0143
392,0143
393,0144
394,0145
395,0146
396,0146
397,0147
398,0148
399,0149
400,0149
401,0151
402,0152
403,0152
404,0153
405,0153
406,0154
407,0154
408,0155
409,0155
410,0155
411,0156
412,0156
413,0157
414,0157
415,0158
416,0159
417,0159
418,0160
419,0161
420,0161
421,0161
422,0162
423,0162
424,0162
425,0163
426,0163
427,0163
428,0164
429,0164
430,0164
431,0165
432,0165
433,0165
434,0165
435,0166
436,0166
437,0166
438,0167
439,0167
440,0167
441,0169
442,0169
443,0170
444,0171
445,0172
446,0173
447,0173
448,0174
449,0175
450,0176
451,0177
452,0178
453,0178
454,0179
455,0180
456,0181
457,0181
458,0181
459,0182
460,0182
461,0183
462,0183
463,0183
464,0184
465,0185
466,0186
467,0186
468,0187
469,0187
470,0187
471,0188
472,0188
473,0188
474,0189
475,0189
476,0190
477,0190
478,0190
479,0191
480,0191
481,0192
482,0192
483,0192
484,0193
485,0193
486,0194
487,0194
488,0195
489,0195
490,0195
491,0196
492,0196
493,0196
494,0196
495,0197
496,0197
497,0197
498,0197
499,0198
500,0198
501,0198
502,0199
503,0199
504,0199
505,0200
506,0200
507,0200
508,0200
509,0201
510,0201
511,0201
512,0202
513,0202
514,0202
515,0202
516,0203
517,0203
518,0203
519,0204
520,0204
521,0204
522,0205
523,0205
524,0205
525,0205
526,0206
527,0206
528,0207
529,0207
530,0208
531,0208
532,0208
533,0208
534,0209
535,0209
536,0209
537,0209
538,0210
539,0210
540,0210
541,0210
542,0210
543,0211
544,0211
545,0211
546,0211
547,0212
548,0212
549,0212
550,0212
551,0213
552,0213
553,0213
554,0213
555,0213
556,0214
557,0214
558,0214
559,0214
560,0215
561,0215
562,0216
563,0216
564,0216
565,0217
566,0217
567,0218
568,0218
569,0218
570,0219
571,0219
572,0219
573,0220
574,0220
575,0221
576,0221
577,0221
578,0222
579,0222
580,0223
581,0223
582,0223
583,0224
584,0224
585,0225
586,0225
587,0226
588,0226
589,0226
590,0227
591,0227
592,0227
593,0228
594,0228
595,0228
596,0229
597,0230
598,0230
599,0230
600,0231
601,0231
602,0232
603,0232
604,0233
605,0233
606,0234
607,0234
608,0234
609,0235
610,0235
611,0235
612,0236
613,0236
614,0237
615,0237
616,0237
617,0238
618,0238
619,0239
620,0239
621,0239
622,0240
623,0240
624,0240
625,0241
626,0241
627,0242
628,0242
629,0242
630,0243
631,0243
632,0244
633,0244
634,0245
635,0245
636,0245
637,0246
638,0246
639,0246
640,0246
641,0247
642,0248
643,0248
644,0248
645,0249
646,0250
647,0250
648,0250
649,0251
650,0251
651,0251
652,0251
653,0252
654,0252
655,0252
656,0252
657,0252
658,0253
659,0253
660,0253
661,0253
662,0254
663,0254
664,0254
665,0254
666,0255
667,0255
668,0255
669,0255
670,0256
671,0256
672,0256
673,0256
674,0256
675,0257
676,0257
677,0258
678,0258
679,0259
680,0259
681,0260
682,0260
683,0260
684,0261
685,0261
686,0262
687,0262
688,0262
689,0263
690,0263
691,0264
692,0264
693,0265
694,0265
695,0266
696,0266
697,0266
698,0267
699,0267
700,0268
701,0268
702,0269
703,0269
704,0269
705,0270
706,0270
707,0271
708,0271
709,0271
710,0272
711,0272
712,0273
713,0273
714,0274
715,0274
716,0275
717,0275
718,0276
719,0276
720,0276
721,0277
722,0277
723,0277
724,0277
725,0277
726,0277
727,0278
728,0278
729,0278
730,0278
731,0279
732,0279
733,0279
734,0279
735,0280
736,0280
737,0280
738,0280
739,0281
740,0281
741,0281
742,0282
743,0282
744,0282
745,0283
746,0283
747,0283
748,0283
749,0284
750,0284
751,0284
752,0284
753,0284
754,0285
755,0285
756,0285
757,0286
758,0286
759,0286
760,0286
761,0287
762,0287
763,0287
764,0288
765,0288
766,0288
767,0288
768,0289
769,0289
770,0289
771,0290
772,0290
773,0290
774,0291
775,0291
776,0291
777,0292
778,0292
779,0292
780,0292
781,0293
782,0293
783,0293
784,0293
785,0294
786,0294
787,0294
788,0294
789,0295
790,0295
791,0295
792,0295
793,0296
794,0296
795,0296
796,0297
797,0297
798,0297
799,0297
800,0298
801,0298
802,0298
803,0298
804,0299
805,0299
806,0299
807,0300
808,0300
809,0300
810,0300
811,0301
812,0301
813,0301
814,0301
815,0302
816,0302
817,0302
818,0303
819,0303
820,0303
821,0303
822,0304
823,0304
824,0304
825,0305
826,0305
827,0305
828,0306
829,0306
830,0306
831,0307
832,0307
833,0307
834,0308
835,0308
836,0308
837,0308
838,0308
839,0309
840,0309
841,0309
842,0309
843,0310
844,0310
845,0310
846,0311
847,0311
848,0311
849,0311
850,0312
851,0312
852,0312
853,0312
854,0313
855,0313
856,0314
857,0314
858,0314
859,0315
860,0315
861,0315
862,0315
863,0315
864,0316
865,0316
866,0316
867,0317
868,0317
869,0317
870,0317
871,0317
872,0317
873,0318
874,0318
875,0318
876,0318
877,0318
878,0319
879,0319
880,0319
881,0319
882,0320
883,0320
884,0320
885,0320
886,0320
887,0321
888,0321
889,0321
890,0321
891,0322
892,0322
893,0322
894,0322
895,0322
896,0323
897,0323
898,0323
899,0324
900,0324
901,0324
902,0325
903,0325
904,0325
905,0326
906,0326
907,0326
908,0327
909,0327
910,0328
911,0328
912,0328
913,0329
914,0329
915,0330
916,0330
917,0331
918,0331
919,0331
920,0332
921,0332
922,0332
923,0333
924,0333
925,0333
926,0334
927,0334
928,0334
929,0334
930,0335
931,0335
932,0335
933,0336
934,0336
935,0336
936,0337
937,0337
938,0337
939,0338
940,0338
941,0338
942,0339
943,0339
944,0340
945,0340
946,0340
947,0341
948,0341
949,0342
950,0342
951,0342
952,0343
953,0343
954,0343
955,0344
956,0344
957,0344
958,0344
959,0344
960,0345
961,0345
962,0345
963,0345
964,0346
965,0346
966,0346
967,0346
968,0346
969,0347
970,0347
971,0347
972,0347
973,0348
974,0348
975,0348
976,0348
977,0348
978,0349
979,0349
980,0349
981,0349
982,0350
983,0350
984,0350
985,0351
986,0351
987,0351
988,0352
989,0352
990,0352
991,0353
992,0353
993,0354
994,0354
995,0354
996,0355
997,0355
998,0356
999,0356
1000,0357
1001,0357
1002,0358
1003,0358
1004,0359
1005,0359
1006,0359
1007,0360
1008,0360
1009,0360
1010,0361
1011,0361
1012,0361
1013,0362
1014,0362
1015,0362
1016,0362
1017,0363
1018,0363
1019,0363
1020,0363
1021,0364
1022,0364
1023,0364
1024,0365
1025,0365
1026,0365
1027,0365
1028,0366
1029,0366
1030,0366
1031,0367
1032,0367
1033,0367
1034,0368
1035,0368
1036,0368
1037,0368
1038,0369
1039,0369
1040,0370
1041,0370
1042,0371
1043,0371
1044,0372
1045,0372
1046,0372
1047,0373
1048,0373
1049,0373
1050,0374
1051,0374
1052,0375
1053,0375
1054,0375
1055,0376
1056,0376
1057,0376
1058,0377
1059,0377
1060,0377
1061,0378
1062,0378
1063,0379
1064,0379
1065,0380
1066,0380
1067,0381
1068,0381
1069,0382
1070,0382
1071,0383
1072,0383
1073,0383
1074,0383
1075,0383
1076,0384
1077,0384
1078,0384
1079,0385
1080,0385
1081,0385
1082,0386
1083,0386
1084,0386
1085,0387
1086,0387
1087,0388
1088,0388
1089,0388
1090,0389
1091,0389
1092,0389
1093,0390
1094,0390
1095,0390
1096,0391
1097,0391
1098,0391
1099,0392
1100,0392
1101,0392
1102,0393
1103,0393
1104,0394
1105,0394
1106,0394
1107,0395
1108,0395
1109,0396
1110,0396
1111,0397
1112,0397
1113,0397
1114,0398
1115,0398
1116,0399
1117,0399
1118,0400
1119,0400
1120,0401
1121,0401
1122,0401
1123,0402
1124,0402
1125,0403
1126,0403
1127,0404
1128,0404
1129,0405
1130,0405
1131,0406
1132,0406
1133,0407
1134,0407
1135,0408
1136,0408
1137,0409
1138,0409
1139,0410
1140,0410
1141,0411
1142,0411
1143,0412
1144,0412
1145,0412
1146,0413
1147,0413
1148,0414
1149,0414
1150,0415
1151,0416
1152,0416
1153,0417
1154,0417
1155,0418
1156,0418
1157,0419
1158,0419
1159,0420
1160,0421
1161,0421
1162,0422
1163,0422
1164,0423
1165,0423
1166,0424
1167,0424
1168,0425
1169,0425
1170,0426
1171,0426
1172,0427
1173,0427
1174,0428
1175,0428
1176,0429
1177,0429
1178,0430
1179,0430
1180,0431
1181,0431
1182,0431
1183,0432
1184,0432
1185,0432
1186,0433
1187,0433
1188,0434
1189,0435
1190,0435
1191,0436
1192,0436
1193,0437
1194,0437
1195,0438
1196,0439
1197,0439
1198,0440
1199,0440
1200,0441
1201,0441
1202,0442
1203,0442
1204,0443
1205,0444
1206,0444
1207,0445
1208,0445
1209,0446
1210,0446
1211,0447
1212,0447
1213,0448
1214,0449
1215,0449
1216,0450
1217,0450
1218,0451
1219,0451
1220,0452
1221,0452
1222,0453
1223,0453
1224,0453
1225,0454
1226,0454
1227,0454
1228,0455
1229,0455
1230,0455
1231,0455
1232,0456
1233,0456
1234,0456
1235,0457
1236,0457
1237,0457
1238,0458
1239,0458
1240,0458
1241,0458
1242,0459
1243,0459
1244,0459
1245,0459
1246,0460
1247,0460
1248,0460
1249,0461
1250,0461
1251,0461
1252,0462
1253,0462
1254,0462
1255,0462
1256,0463
1257,0463
1258,0463
1259,0463
1260,0464
1261,0464
1262,0464
1263,0465
1264,0465
1265,0466
1266,0466
1267,0466
1268,0467
1269,0467
1270,0468
1271,0468
1272,0468
1273,0469
1274,0469
1275,0469
1276,0470
1277,0470
1278,0471
1279,0471
1280,0472
1281,0472
1282,0472
1283,0473
1284,0473
1285,0474
1286,0474
1287,0475
1288,0475
1289,0475
1290,0476
1291,0476
1292,0477
1293,0477
1294,0478
1295,0478
1296,0478
1297,0478
1298,0479
1299,0479
1300,0479
1301,0479
1302,0479
1303,0480
1304,0480
1305,0481
1306,0481
1307,0481
1308,0482
1309,0482
1310,0483
1311,0483
1312,0484
1313,0484
1314,0484
1315,0485
1316,0485
1317,0486
1318,0486
1319,0487
1320,0487
1321,0488
1322,0488
1323,0489
1324,0489
1325,0490
1326,0490
1327,0490
1328,0491
1329,0491
1330,0491
1331,0492
1332,0492
1333,0493
1334,0493
1335,0493
1336,0494
1337,0494
1338,0494
1339,0494
1340,0494
1341,0494
1342,0495
1343,0495
1344,0495
1345,0495
1346,0496
1347,0496
1348,0496
1349,0496
1350,0497
1351,0497
1352,0498
1353,0498
1354,0498
1355,0499
1356,0499
1357,0499
1358,0499
1359,0500
1360,0500
1361,0500
1362,0500
1363,0501
1364,0501
1365,0501
1366,0502
1367,0502
1368,0502
1369,0503
1370,0503
1371,0503
1372,0503
1373,0504
1374,0504
1375,0504
1376,0505
1377,0505
1378,0505
1379,0505
1380,0506
1381,0506
1382,0506
1383,0506
1384,0506
1385,0507
1386,0507
1387,0507
1388,0507
1389,0508
1390,0508
1391,0508
1392,0508
1393,0508
1394,0509
1395,0509
1396,0509
1397,0510
1398,0510
1399,0510
1400,0510
1401,0510
1402,0511
1403,0511
1404,0511
1405,0511
1406,0511
1407,0512
1408,0512
1409,0512
1410,0513
1411,0513
1412,0513
1413,0514
1414,0514
1415,0515
1416,0515
1417,0515
1418,0515
1419,0515
1420,0515
1421,0516
1422,0516
1423,0516
1424,0516
1425,0517
1426,0517
1427,0517
1428,0518
1429,0518
1430,0518
1431,0518
1432,0519
1433,0519
1434,0519
1435,0519
1436,0520
1437,0520
1438,0520
1439,0520
1440,0520
1441,0521
1442,0521
1443,0521
1444,0522
1445,0522
1446,0522
1447,0522
1448,0523
1449,0523
1450,0523
1451,0524
1452,0524
1453,0524
1454,0525
