1,0001
2,0002
3,0003
4,0003
5,0004
6,0005
7,0006
8,0006
9,0007
10,0008
11,0009
12,0009
13,0010
14,0011
15,0011
16,0012
17,0012
18,0013
19,0014
20,0014
21,0014
22,0015
23,0016
24,0017
25,0017
26,0018
27,0019
28,0020
29,0020
30,0020
31,0020
32,0021
33,0021
34,0021
35,0021
36,0022
37,0022
38,0023
39,0024
40,0024
41,0024
42,0024
43,0024
44,0024
45,0024
46,0025
47,0025
48,0025
49,0025
50,0026
51,0027
52,0027
53,0028
54,0028
55,0028
56,0028
57,0029
58,0030
59,0030
60,0031
61,0031
62,0032
63,0032
64,0032
65,0033
66,0033
67,0033
68,0033
69,0034
70,0034
71,0034
72,0034
73,0034
74,0035
75,0036
76,0037
77,0037
78,0037
79,0037
80,0038
81,0038
82,0038
83,0039
84,0042
85,0042
86,0042
87,0042
88,0043
89,0043
90,0044
91,0045
92,0045
93,0046
94,0047
95,0047
96,0048
97,0049
98,0049
99,0050
100,0050
101,0050
102,0051
103,0051
104,0052
105,0052
106,0052
107,0052
108,0052
109,0053
110,0053
111,0053
112,0053
113,0053
114,0054
115,0055
116,0055
117,0056
118,0056
119,0057
120,0057
121,0057
122,0059
123,0059
124,0060
125,0060
126,0060
127,0060
128,0060
129,0061
130,0061
131,0061
132,0061
133,0062
134,0062
135,0063
136,0064
137,0064
138,0064
139,0064
140,0065
141,0065
142,0065
143,0066
144,0066
145,0066
146,0066
147,0066
148,0067
149,0067
150,0067
151,0067
152,0068
153,0068
154,0068
155,0069
156,0069
157,0069
158,0069
159,0069
160,0070
161,0070
162,0071
163,0071
164,0072
165,0075
166,0076
167,0076
168,0077
169,0078
170,0078
171,0079
172,0079
173,0080
174,0080
175,0082
176,0083
177,0083
178,0084
179,0085
180,0086
181,0087
182,0088
183,0089
184,0089
185,0090
186,0090
187,0091
188,0092
189,0093
190,0093
191,0094
192,0095
193,0095
194,0096
195,0096
196,0096
197,0097
198,0097
199,0097
200,0098
201,0098
202,0099
203,0099
204,0099
205,0100
206,0100
207,0100
208,0101
209,0101
210,0102
211,0102
212,0103
213,0103
214,0104
215,0104
216,0105
217,0106
218,0106
219,0107
220,0107
221,0107
222,0107
223,0108
224,0108
225,0109
226,0110
227,0110
228,0111
229,0112
230,0113
231,0113
232,0114
233,0114
234,0115
235,0115
236,0116
237,0116
238,0117
239,0117
240,0117
241,0118
242,0118
243,0119
244,0120
245,0121
246,0122
247,0123
248,0123
249,0124
250,0124
251,0125
252,0125
253,0126
254,0127
255,0128
256,0130
257,0130
258,0130
259,0131
260,0131
261,0132
262,0132
263,0133
264,0134
265,0134
266,0134
267,0134
268,0134
269,0135
270,0135
271,0136
272,0137
273,0138
274,0139
275,0139
276,0140
277,0140
278,0141
279,0141
280,0143
281,0144
282,0145
283,0147
284,0147
285,0148
286,0148
287,0148
288,0149
289,0149
290,0149
291,0150
292,0150
293,0151
294,0151
295,0151
296,0152
297,0152
298,0153
299,0154
300,0154
301,0155
302,0156
303,0157
304,0157
305,0157
306,0157
307,0158
308,0158
309,0158
310,0158
311,0159
312,0159
313,0159
314,0159
315,0160
316,0160
317,0160
318,0160
319,0161
320,0161
321,0161
322,0162
323,0163
324,0163
325,0163
326,0163
327,0164
328,0164
329,0164
330,0164
331,0165
332,0165
333,0165
334,0165
335,0166
336,0166
337,0166
338,0166
339,0167
340,0167
341,0167
342,0167
343,0168
344,0168
345,0168
346,0169
347,0169
348,0170
349,0171
350,0171
351,0172
352,0172
353,0173
354,0173
355,0174
356,0174
357,0175
358,0176
359,0176
360,0178
361,0178
362,0179
363,0179
364,0180
365,0180
366,0180
367,0181
368,0181
369,0182
370,0182
371,0183
372,0184
373,0185
374,0185
375,0185
376,0186
377,0186
378,0186
379,0187
380,0187
381,0188
382,0188
383,0189
384,0189
385,0191
386,0191
387,0192
388,0193
389,0193
390,0194
391,0195
392,0195
393,0196
394,0197
395,0197
396,0198
397,0198
398,0199
399,0199
400,0200
401,0200
402,0200
403,0201
404,0201
405,0202
406,0202
407,0202
408,0203
409,0203
410,0203
411,0204
412,0204
413,0204
414,0204
415,0204
416,0205
417,0205
418,0206
419,0206
420,0206
421,0207
422,0207
423,0208
424,0208
425,0208
426,0209
427,0209
428,0210
429,0211
430,0211
431,0211
432,0212
433,0212
434,0212
435,0213
436,0213
437,0214
438,0215
439,0215
440,0216
441,0216
442,0217
443,0217
444,0218
445,0220
446,0221
447,0221
448,0221
449,0221
450,0222
451,0222
452,0222
453,0222
454,0223
455,0223
456,0223
457,0223
458,0224
459,0224
460,0224
461,0225
462,0225
463,0225
464,0226
465,0226
466,0226
467,0226
468,0226
469,0227
470,0227
471,0227
472,0228
473,0228
474,0228
475,0229
476,0229
477,0230
478,0230
479,0230
480,0230
481,0231
482,0231
483,0231
484,0231
485,0232
486,0232
487,0232
488,0233
489,0233
490,0234
491,0234
492,0234
493,0234
494,0235
495,0235
496,0235
497,0236
498,0236
499,0236
500,0237
501,0237
502,0238
503,0238
504,0238
505,0238
506,0239
507,0239
508,0239
509,0239
510,0240
511,0240
512,0240
513,0241
514,0241
515,0241
516,0241
517,0242
518,0242
519,0243
520,0243
521,0244
522,0244
523,0245
524,0245
525,0245
526,0245
527,0246
528,0246
529,0246
530,0247
531,0247
532,0248
533,0248
534,0248
535,0248
536,0248
537,0249
538,0249
539,0249
540,0250
541,0250
542,0250
543,0251
544,0251
545,0252
546,0253
547,0253
548,0254
549,0254
550,0254
551,0254
552,0255
553,0255
554,0255
555,0256
556,0256
557,0256
558,0257
559,0257
560,0257
561,0257
562,0257
563,0258
564,0258
565,0258
566,0258
567,0259
568,0259
569,0260
570,0260
571,0260
572,0261
573,0261
574,0262
575,0262
576,0262
577,0263
578,0263
579,0263
580,0263
581,0263
582,0263
583,0264
584,0264
585,0264
586,0264
587,0264
588,0264
589,0265
590,0265
591,0265
592,0265
593,0266
594,0266
595,0266
596,0266
597,0267
598,0267
599,0267
600,0267
601,0267
602,0268
603,0268
604,0268
605,0268
606,0268
607,0269
608,0269
609,0269
610,0269
611,0269
612,0270
613,0270
614,0270
615,0271
616,0271
617,0271
618,0272
619,0272
620,0272
621,0273
622,0274
623,0274
624,0274
625,0274
626,0275
627,0275
628,0276
629,0276
630,0276
631,0277
632,0277
633,0277
634,0278
635,0278
636,0278
637,0279
638,0279
639,0280
640,0280
641,0281
642,0282
643,0282
644,0283
645,0284
646,0284
647,0285
648,0286
649,0286
650,0286
651,0287
652,0287
653,0288
654,0289
655,0290
656,0291
657,0291
658,0292
659,0293
660,0293
661,0293
662,0293
663,0294
664,0294
665,0294
666,0295
667,0295
668,0296
669,0296
670,0297
671,0297
672,0298
673,0298
674,0298
675,0298
676,0299
677,0299
678,0299
679,0299
680,0300
681,0300
682,0300
683,0301
684,0301
685,0301
686,0301
687,0302
688,0302
689,0302
690,0302
691,0303
692,0305
693,0305
694,0305
695,0305
696,0306
697,0306
698,0306
699,0307
700,0307
701,0307
702,0308
703,0308
704,0308
705,0308
706,0309
707,0309
708,0309
709,0309
710,0310
711,0310
712,0310
713,0310
714,0311
715,0311
716,0311
717,0311
718,0312
719,0312
720,0312
721,0313
722,0314
723,0314
724,0315
725,0316
726,0316
727,0317
728,0318
729,0318
730,0318
731,0319
732,0319
733,0319
734,0319
735,0320
736,0320
737,0321
738,0321
739,0321
740,0322
741,0322
742,0322
743,0322
744,0323
745,0323
746,0323
747,0323
748,0323
749,0324
750,0324
751,0324
752,0324
753,0324
754,0325
755,0325
756,0325
757,0326
758,0326
759,0326
760,0327
761,0327
762,0327
763,0328
764,0328
765,0328
766,0329
767,0329
768,0330
769,0330
770,0330
771,0331
772,0331
773,0331
774,0332
775,0332
776,0332
777,0332
778,0333
779,0333
780,0333
781,0333
782,0334
783,0334
784,0334
785,0335
786,0335
787,0335
788,0336
789,0336
790,0336
791,0337
792,0337
793,0338
794,0338
795,0339
796,0339
797,0339
798,0339
799,0339
800,0340
801,0340
802,0340
803,0340
804,0340
805,0340
806,0341
807,0341
808,0341
809,0342
810,0342
811,0342
812,0342
813,0343
814,0343
815,0343
816,0343
817,0343
818,0344
819,0344
820,0344
821,0345
822,0345
823,0346
824,0346
825,0346
826,0347
827,0347
828,0347
829,0348
830,0348
831,0349
832,0349
833,0349
834,0349
835,0350
836,0350
837,0351
838,0351
839,0352
840,0352
841,0352
842,0352
843,0353
844,0353
845,0353
846,0353
847,0354
848,0354
849,0354
850,0354
851,0355
852,0355
853,0356
854,0356
855,0356
856,0357
857,0357
858,0357
859,0358
860,0358
861,0358
862,0359
863,0359
864,0359
865,0360
866,0360
867,0360
868,0361
869,0361
870,0362
871,0362
872,0362
873,0363
874,0363
875,0363
876,0363
877,0364
878,0364
879,0364
880,0364
881,0364
882,0364
883,0365
884,0365
885,0365
886,0365
887,0366
888,0366
889,0366
890,0366
891,0367
892,0367
893,0367
894,0368
895,0368
896,0368
897,0369
898,0370
899,0370
900,0371
901,0371
902,0371
903,0372
904,0372
905,0372
906,0372
907,0373
908,0374
909,0374
910,0374
911,0374
912,0375
913,0375
914,0375
915,0375
916,0376
917,0376
918,0376
919,0376
920,0377
921,0377
922,0377
923,0377
924,0378
925,0378
926,0378
927,0378
928,0379
929,0379
930,0379
931,0379
932,0380
933,0380
934,0380
935,0381
936,0381
937,0381
938,0381
939,0382
940,0382
941,0382
942,0382
943,0382
944,0383
945,0383
946,0383
947,0384
948,0384
949,0384
950,0384
951,0385
952,0385
953,0385
954,0385
955,0386
956,0386
957,0386
958,0386
959,0387
960,0387
961,0387
962,0387
963,0388
964,0388
965,0388
966,0388
967,0389
968,0389
969,0390
970,0390
971,0390
972,0390
973,0390
974,0391
975,0391
976,0391
977,0391
978,0392
979,0392
980,0392
981,0393
982,0393
983,0393
984,0394
985,0395
986,0396
987,0396
988,0396
989,0396
990,0397
991,0397
992,0397
993,0397
994,0398
995,0398
996,0398
997,0399
998,0399
999,0399
1000,0400
1001,0400
1002,0400
1003,0401
1004,0401
1005,0401
1006,0402
1007,0402
1008,0402
1009,0403
1010,0403
1011,0403
1012,0404
1013,0404
1014,0405
1015,0405
1016,0405
1017,0406
1018,0406
1019,0406
1020,0407
1021,0407
1022,0407
1023,0408
1024,0408
1025,0408
1026,0409
1027,0409
1028,0410
1029,0411
1030,0412
1031,0413
1032,0413
1033,0413
1034,0414
1035,0414
1036,0415
1037,0415
1038,0415
1039,0416
1040,0416
1041,0416
1042,0417
1043,0417
1044,0417
1045,0417
1046,0418
1047,0418
1048,0418
1049,0418
1050,0418
1051,0419
1052,0419
1053,0419
1054,0419
1055,0419
1056,0420
1057,0420
1058,0420
1059,0421
1060,0421
1061,0422
1062,0422
1063,0423
1064,0423
1065,0423
1066,0424
1067,0425
1068,0425
1069,0426
1070,0426
1071,0426
1072,0427
1073,0427
1074,0428
1075,0429
1076,0430
1077,0431
1078,0431
1079,0432
1080,0432
1081,0433
1082,0433
1083,0434
1084,0434
1085,0435
1086,0437
1087,0438
1088,0438
1089,0439
1090,0439
1091,0440
1092,0441
1093,0442
1094,0442
1095,0443
1096,0443
1097,0445
1098,0445
1099,0445
1100,0446
1101,0447
1102,0448
1103,0448
1104,0448
1105,0448
1106,0449
1107,0449
1108,0449
1109,0450
1110,0450
1111,0450
1112,0450
1113,0450
1114,0451
1115,0451
1116,0451
1117,0452
1118,0452
1119,0452
1120,0453
1121,0454
1122,0454
1123,0454
1124,0455
1125,0455
1126,0456
1127,0456
1128,0457
1129,0457
1130,0457
1131,0458
1132,0458
1133,0459
1134,0459
1135,0460
1136,0460
1137,0461
1138,0462
1139,0462
1140,0463
1141,0464
1142,0464
1143,0466
1144,0466
1145,0467
1146,0467
1147,0467
1148,0468
1149,0469
1150,0470
1151,0471
1152,0471
1153,0472
1154,0472
1155,0472
1156,0473
1157,0474
1158,0475
1159,0476
1160,0476
1161,0476
1162,0477
1163,0477
1164,0477
1165,0477
1166,0478
1167,0478
1168,0478
1169,0479
1170,0480
1171,0480
1172,0480
1173,0480
1174,0480
1175,0481
1176,0481
1177,0481
1178,0481
1179,0482
1180,0482
1181,0482
1182,0483
1183,0484
1184,0484
1185,0484
1186,0485
1187,0485
1188,0486
1189,0486
1190,0486
1191,0486
1192,0487
1193,0487
1194,0487
1195,0488
1196,0488
1197,0488
1198,0489
1199,0489
1200,0490
1201,0490
1202,0491
1203,0492
1204,0493
1205,0494
1206,0495
1207,0495
1208,0496
1209,0496
1210,0497
1211,0498
1212,0498
1213,0500
1214,0501
1215,0502
1216,0502
1217,0503
1218,0503
1219,0505
1220,0506
1221,0508
1222,0508
1223,0509
1224,0509
1225,0510
1226,0510
1227,0510
1228,0511
1229,0511
1230,0512
1231,0512
1232,0513
1233,0513
1234,0513
1235,0514
1236,0514
1237,0514
1238,0515
1239,0515
1240,0515
1241,0516
1242,0516
1243,0517
1244,0517
1245,0518
1246,0518
1247,0518
1248,0519
1249,0519
1250,0520
1251,0520
1252,0521
1253,0521
1254,0522
1255,0522
1256,0523
1257,0523
1258,0524
1259,0524
1260,0525
1261,0525
1262,0525
1263,0526
1264,0526
1265,0527
1266,0527
1267,0528
1268,0528
1269,0528
1270,0529
1271,0529
1272,0530
1273,0531
1274,0531
1275,0531
1276,0532
1277,0532
1278,0532
1279,0532
1280,0532
1281,0533
1282,0534
1283,0534
1284,0535
1285,0536
1286,0536
1287,0537
1288,0537
1289,0537
1290,0537
1291,0537
1292,0538
1293,0538
1294,0538
1295,0538
1296,0538
1297,0539
1298,0539
1299,0539
1300,0540
1301,0540
1302,0540
1303,0541
1304,0541
1305,0541
1306,0542
1307,0544
1308,0544
1309,0545
1310,0545
1311,0546
1312,0546
1313,0547
1314,0547
1315,0547
1316,0547
1317,0548
1318,0548
1319,0548
1320,0548
1321,0549
1322,0549
1323,0550
1324,0550
1325,0550
1326,0551
1327,0551
1328,0551
1329,0552
1330,0552
1331,0552
1332,0553
1333,0553
1334,0554
1335,0554
1336,0555
1337,0555
1338,0555
1339,0556
1340,0556
1341,0557
1342,0557
1343,0558
1344,0558
1345,0559
1346,0559
1347,0559
1348,0559
1349,0560
1350,0560
1351,0560
1352,0561
1353,0561
1354,0561
1355,0561
1356,0562
1357,0562
1358,0563
1359,0563
1360,0563
1361,0564
1362,0564
1363,0565
1364,0565
1365,0565
1366,0566
1367,0566
1368,0567
1369,0567
1370,0567
1371,0568
1372,0568
1373,0569
1374,0569
1375,0570
1376,0570
1377,0570
1378,0571
1379,0571
1380,0572
1381,0572
1382,0572
1383,0573
1384,0573
1385,0574
1386,0574
1387,0575
1388,0575
1389,0575
1390,0576
1391,0577
1392,0578
1393,0579
1394,0579
1395,0581
1396,0581
1397,0582
1398,0583
1399,0584
1400,0584
1401,0584
1402,0585
1403,0585
1404,0586
1405,0587
1406,0587
1407,0588
1408,0588
1409,0589
1410,0589
1411,0589
1412,0590
1413,0590
1414,0590
1415,0591
1416,0592
1417,0592
1418,0593
1419,0593
1420,0594
1421,0594
1422,0595
1423,0595
1424,0595
1425,0596
1426,0596
1427,0597
1428,0597
1429,0598
1430,0598
1431,0601
1432,0601
1433,0602
1434,0602
1435,0602
1436,0603
1437,0603
1438,0604
1439,0604
1440,0604
1441,0605
1442,0606
1443,0606
1444,0607
1445,0607
1446,0608
1447,0608
1448,0610
1449,0611
1450,0611
1451,0612
1452,0612
1453,0614
1454,0614
1455,0615
1456,0615
1457,0615
1458,0616
1459,0617
1460,0617
1461,0618
1462,0618
1463,0619
1464,0619
1465,0619
1466,0621
1467,0621
1468,0622
1469,0622
1470,0622
1471,0623
1472,0624
1473,0624
1474,0625
1475,0625
1476,0626
1477,0628
1478,0629
1479,0629
1480,0630
1481,0630
1482,0631
1483,0631
1484,0631
1485,0632
1486,0632
1487,0632
1488,0633
1489,0633
1490,0634
1491,0635
1492,0635
1493,0636
1494,0636
1495,0637
1496,0637
1497,0637
1498,0637
1499,0638
1500,0638
1501,0638
1502,0639
1503,0639
1504,0639
1505,0640
1506,0640
1507,0640
1508,0641
1509,0641
1510,0642
1511,0642
1512,0643
1513,0643
1514,0645
1515,0645
1516,0646
1517,0646
1518,0646
1519,0647
1520,0648
1521,0648
1522,0649
1523,0649
1524,0650
1525,0651
1526,0651
1527,0652
1528,0653
1529,0653
1530,0655
1531,0655
1532,0656
1533,0656
1534,0657
1535,0657
1536,0657
1537,0658
1538,0658
1539,0658
1540,0658
1541,0659
1542,0659
1543,0660
1544,0660
1545,0661
1546,0661
1547,0661
1548,0662
1549,0662
1550,0662
1551,0663
1552,0663
1553,0664
1554,0664
1555,0665
1556,0665
1557,0666
1558,0666
1559,0666
1560,0667
1561,0668
1562,0668
1563,0669
1564,0670
1565,0670
1566,0670
1567,0671
1568,0672
1569,0673
1570,0673
1571,0674
1572,0674
1573,0674
1574,0675
1575,0675
1576,0675
1577,0676
1578,0676
1579,0677
1580,0678
1581,0678
1582,0679
1583,0679
1584,0680
1585,0680
1586,0681
1587,0681
1588,0682
1589,0682
1590,0682
1591,0683
1592,0683
1593,0683
1594,0684
1595,0684
1596,0685
1597,0685
1598,0685
1599,0686
1600,0686
1601,0686
1602,0686
1603,0687
1604,0687
1605,0687
1606,0687
1607,0688
1608,0688
1609,0688
1610,0688
1611,0689
1612,0689
1613,0689
1614,0690
1615,0690
1616,0693
1617,0693
1618,0694
1619,0694
1620,0695
1621,0696
1622,0696
1623,0697
1624,0697
1625,0698
1626,0698
1627,0699
1628,0699
1629,0700
1630,0700
1631,0701
1632,0702
1633,0702
1634,0702
1635,0703
1636,0704
1637,0704
1638,0705
1639,0707
1640,0708
1641,0708
1642,0708
1643,0708
1644,0708
1645,0709
1646,0709
1647,0709
1648,0710
1649,0710
1650,0710
1651,0710
1652,0711
1653,0711
1654,0711
1655,0712
1656,0712
1657,0713
1658,0717
1659,0717
1660,0718
1661,0719
1662,0719
1663,0720
1664,0720
1665,0720
1666,0721
1667,0721
1668,0722
1669,0722
1670,0723
1671,0723
1672,0724
1673,0724
1674,0725
1675,0725
1676,0725
1677,0726
1678,0726
1679,0726
1680,0727
1681,0728
1682,0728
1683,0729
1684,0730
1685,0730
1686,0731
1687,0731
1688,0732
1689,0732
1690,0733
1691,0733
1692,0734
1693,0734
1694,0734
1695,0735
1696,0735
1697,0736
1698,0736
1699,0736
1700,0738
1701,0739
1702,0739
1703,0740
1704,0740
1705,0741
1706,0741
1707,0742
1708,0742
1709,0743
1710,0743
1711,0744
1712,0744
1713,0744
1714,0744
1715,0745
1716,0745
1717,0745
1718,0746
1719,0746
1720,0746
1721,0747
1722,0747
1723,0747
1724,0747
1725,0748
1726,0749
1727,0749
1728,0750
1729,0750
1730,0750
1731,0751
1732,0751
1733,0753
1734,0753
1735,0753
1736,0754
1737,0754
1738,0755
1739,0755
1740,0756
1741,0757
1742,0757
1743,0757
1744,0758
1745,0758
1746,0758
1747,0759
1748,0761
1749,0761
1750,0761
1751,0762
1752,0763
1753,0765
1754,0766
1755,0766
1756,0767
1757,0767
1758,0768
1759,0768
1760,0768
1761,0769
1762,0769
1763,0769
1764,0770
1765,0770
1766,0771
1767,0772
1768,0773
1769,0773
1770,0774
1771,0774
1772,0775
1773,0776
1774,0777
1775,0777
1776,0779
1777,0779
1778,0779
1779,0780
1780,0780
1781,0782
1782,0783
1783,0784
1784,0785
1785,0785
1786,0786
1787,0787
1788,0788
1789,0788
1790,0789
1791,0789
1792,0789
1793,0790
1794,0791
1795,0791
1796,0792
1797,0792
1798,0792
1799,0793
1800,0793
1801,0794
1802,0794
1803,0795
1804,0795
1805,0795
1806,0796
1807,0796
1808,0797
1809,0797
1810,0798
1811,0798
1812,0799
1813,0801
1814,0801
1815,0802
1816,0802
1817,0802
1818,0803
1819,0803
1820,0803
1821,0804
1822,0804
1823,0805
1824,0806
1825,0806
1826,0806
1827,0807
1828,0808
1829,0808
1830,0809
1831,0809
1832,0810
1833,0811
1834,0812
1835,0813
1836,0813
1837,0814
1838,0814
1839,0814
1840,0815
1841,0815
1842,0816
1843,0816
1844,0817
1845,0817
1846,0818
1847,0819
1848,0820
1849,0820
1850,0820
1851,0821
1852,0822
1853,0822
1854,0822
1855,0823
1856,0823
1857,0824
1858,0824
1859,0824
1860,0825
1861,0825
1862,0826
1863,0826
1864,0826
1865,0827
1866,0827
1867,0828
1868,0828
1869,0829
1870,0829
1871,0830
1872,0830
1873,0830
1874,0831
1875,0831
1876,0832
1877,0832
1878,0833
1879,0833
1880,0834
1881,0834
1882,0835
1883,0835
1884,0835
1885,0836
1886,0836
1887,0836
1888,0837
1889,0837
1890,0838
1891,0838
1892,0839
1893,0840
1894,0840
1895,0841
1896,0841
1897,0841
