1,0001
2,0002
3,0003
4,0005
5,0005
6,0005
7,0005
8,0005
9,0006
10,0006
11,0006
12,0006
13,0007
14,0007
15,0007
16,0007
17,0008
18,0008
19,0008
20,0008
21,0008
22,0009
23,0009
24,0009
25,0009
26,0010
27,0010
28,0010
29,0010
30,0011
31,0011
32,0011
33,0011
34,0011
35,0012
36,0012
37,0013
38,0013
39,0014
40,0014
41,0014
42,0015
43,0016
44,0016
45,0018
46,0018
47,0018
48,0019
49,0019
50,0019
51,0019
52,0019
53,0020
54,0020
55,0020
56,0020
57,0021
58,0021
59,0021
60,0021
61,0021
62,0022
63,0022
64,0022
65,0022
66,0022
67,0023
68,0023
69,0023
70,0023
71,0024
72,0024
73,0024
74,0024
75,0024
76,0025
77,0025
78,0026
79,0026
80,0027
81,0027
82,0027
83,0028
84,0029
85,0030
86,0032
87,0033
88,0035
89,0037
90,0037
91,0037
92,0037
93,0039
94,0040
95,0040
96,0040
97,0040
98,0040
99,0041
100,0041
101,0041
102,0041
103,0042
104,0042
105,0042
106,0042
107,0043
108,0043
109,0043
110,0043
111,0044
112,0044
113,0044
114,0044
115,0044
116,0045
117,0045
118,0045
119,0045
120,0046
121,0047
122,0047
123,0048
124,0048
125,0049
126,0049
127,0049
128,0050
129,0051
130,0051
131,0052
132,0052
133,0054
134,0054
135,0055
136,0055
137,0055
138,0056
139,0056
140,0056
141,0056
142,0057
143,0057
144,0057
145,0057
146,0058
147,0058
148,0058
149,0058
150,0059
151,0059
152,0059
153,0059
154,0060
155,0060
156,0060
157,0060
158,0061
159,0061
160,0061
161,0062
162,0062
163,0062
164,0063
165,0064
166,0064
167,0065
168,0065
169,0065
170,0066
171,0066
172,0067
173,0067
174,0068
175,0068
176,0070
177,0070
178,0070
179,0071
180,0071
181,0071
182,0071
183,0072
184,0072
185,0072
186,0072
187,0073
188,0073
189,0073
190,0074
191,0074
192,0074
193,0074
194,0075
195,0075
196,0075
197,0075
198,0076
199,0076
200,0076
201,0077
202,0077
203,0077
204,0077
205,0078
206,0078
207,0080
208,0081
209,0081
210,0081
211,0082
212,0082
213,0083
214,0083
215,0083
216,0084
217,0084
218,0085
219,0085
220,0086
221,0086
222,0086
223,0087
224,0087
225,0089
226,0089
227,0090
228,0091
229,0091
230,0091
231,0091
232,0092
233,0092
234,0092
235,0092
236,0093
237,0093
238,0093
239,0093
240,0094
241,0094
242,0094
243,0094
244,0095
245,0095
246,0095
247,0095
248,0096
249,0096
250,0096
251,0096
252,0097
253,0097
254,0097
255,0098
256,0098
257,0098
258,0100
259,0101
260,0101
261,0102
262,0102
263,0102
264,0103
265,0103
266,0104
267,0104
268,0105
269,0105
270,0105
271,0106
272,0106
273,0107
274,0107
275,0108
276,0109
277,0110
278,0111
279,0112
280,0113
281,0113
282,0113
283,0113
284,0114
285,0114
286,0114
287,0114
288,0115
289,0115
290,0115
291,0116
292,0116
293,0116
294,0116
295,0117
296,0117
297,0117
298,0117
299,0118
300,0118
301,0118
302,0118
303,0119
304,0119
305,0119
306,0120
307,0120
308,0120
309,0121
310,0122
311,0122
312,0122
313,0123
314,0123
315,0124
316,0124
317,0124
318,0125
319,0126
320,0129
321,0129
322,0130
323,0131
324,0131
325,0131
326,0132
327,0132
328,0133
329,0133
330,0134
331,0134
332,0134
333,0135
334,0135
335,0136
336,0137
337,0137
338,0138
339,0138
340,0139
341,0139
342,0140
343,0140
344,0141
345,0142
346,0143
347,0143
348,0143
349,0144
350,0144
351,0145
352,0145
353,0146
354,0146
355,0146
356,0147
357,0148
358,0148
359,0149
360,0149
361,0150
362,0150
363,0151
364,0151
365,0151
366,0152
367,0152
368,0152
369,0153
370,0154
371,0154
372,0155
373,0156
374,0157
375,0157
376,0158
377,0158
378,0159
379,0159
380,0160
381,0161
382,0161
383,0162
384,0163
385,0163
386,0164
387,0164
388,0164
389,0166
390,0166
391,0167
392,0168
393,0168
394,0168
395,0169
396,0170
397,0170
398,0171
399,0172
400,0172
401,0174
402,0174
403,0175
404,0176
405,0177
406,0178
407,0179
408,0180
409,0181
410,0181
411,0182
412,0182
413,0182
414,0183
415,0185
416,0185
417,0185
418,0186
419,0186
420,0187
421,0188
422,0188
423,0189
424,0190
425,0190
426,0191
427,0191
428,0191
429,0192
430,0192
431,0193
432,0193
433,0194
434,0194
435,0194
436,0195
437,0195
438,0196
439,0197
440,0199
441,0200
442,0200
443,0201
444,0201
445,0201
446,0202
447,0203
448,0203
449,0205
450,0205
451,0206
452,0206
453,0207
454,0207
455,0208
456,0208
457,0209
458,0209
459,0211
460,0211
461,0212
462,0212
463,0213
464,0213
465,0214
466,0214
467,0215
468,0215
469,0216
470,0216
471,0217
472,0217
473,0217
474,0217
475,0217
476,0218
477,0218
478,0218
479,0218
480,0218
481,0218
482,0220
483,0220
484,0221
485,0221
486,0222
487,0222
488,0223
489,0223
490,0224
491,0224
492,0224
493,0224
494,0224
495,0224
496,0224
497,0224
498,0226
499,0227
500,0227
501,0227
502,0227
503,0227
504,0227
505,0227
506,0227
507,0227
508,0228
509,0228
510,0228
511,0228
512,0228
513,0228
514,0228
515,0229
516,0229
517,0229
518,0229
519,0229
520,0229
521,0230
522,0230
523,0230
524,0230
525,0231
526,0231
527,0231
528,0231
529,0246
530,0246
531,0246
532,0246
533,0247
534,0247
535,0247
536,0247
537,0247
538,0248
539,0248
540,0248
541,0248
542,0249
543,0249
544,0249
545,0249
546,0249
547,0250
548,0250
549,0250
550,0251
551,0251
552,0251
553,0252
554,0252
555,0253
556,0253
557,0253
558,0253
559,0253
560,0253
561,0253
562,0254
563,0254
564,0254
565,0254
566,0254
567,0255
568,0255
569,0255
570,0256
571,0256
572,0256
573,0257
574,0257
575,0258
576,0259
577,0260
578,0261
579,0262
580,0263
581,0263
582,0263
583,0264
584,0266
585,0267
586,0267
587,0268
588,0269
589,0270
590,0270
591,0270
592,0271
593,0271
594,0272
595,0273
596,0273
597,0275
598,0276
599,0277
600,0277
601,0279
602,0280
603,0280
604,0280
605,0281
606,0281
607,0281
608,0282
609,0282
610,0284
611,0284
612,0285
613,0286
614,0286
615,0287
616,0288
617,0290
618,0293
619,0293
620,0293
621,0294
622,0294
623,0294
624,0294
625,0295
626,0295
627,0296
628,0297
629,0297
630,0298
631,0299
632,0299
633,0299
634,0300
635,0300
636,0300
637,0301
638,0301
639,0302
640,0302
641,0302
642,0303
643,0303
644,0304
645,0304
646,0304
647,0304
648,0304
649,0305
650,0305
651,0305
652,0305
653,0305
654,0306
655,0306
656,0306
657,0306
658,0306
659,0306
660,0307
661,0307
662,0307
663,0307
664,0307
665,0307
666,0308
667,0308
668,0308
669,0309
670,0309
671,0309
672,0309
673,0311
674,0311
675,0312
676,0313
677,0314
678,0314
679,0314
680,0315
681,0316
682,0318
683,0318
684,0318
685,0319
686,0320
687,0322
688,0322
689,0323
690,0323
691,0325
692,0326
693,0327
694,0328
